130
52
688
1364
2033
2702
3371
4043
4714
5383
6053
6723
7394
8065
8735
9405
10075
10746
11417
12087
12755
13426
14097
14773
15443
16111
16780
17465
18133
18802
19481
20150
20820
21487
22165
22836
23506
24174
24842
25512
26184
26853
27525
28193
28893
29563
30236
30905
31575
32247
32918
33591
34260
34930
35600
36272
36944
37614
38283
38954
39624
40294
40965
41634
42305
42975
43644
44315
44984
45656
46330
47002
47672
48341
49010
49682
50357
51029
51699
52368
53039
53714
54388
55061
55731
56400
57073
57743
58414
59083
59751
60421
61089
61760
62952
63623
64295
64969
65639
66308
66977
67648
68332
69002
69672
70346
71018
71688
72357
73027
73698
74368
75039
75708
76379
77048
77719
78389
79060
79732
80404
81077
81746
82418
83459
84571
85241
85910
87029
87698
88369
