264
37
434
769
1107
1443
1780
2116
2450
2784
3122
3458
3793
4128
4463
4798
5134
5469
5804
6139
6474
6810
7148
7483
7821
8155
8490
8826
9163
9498
9833
10168
10502
10933
11268
11602
11937
12272
12607
12943
13279
13615
13950
14286
14622
14957
15292
15628
15963
16298
16633
16968
17304
17639
17975
18311
18647
18982
19318
19653
19989
20324
20660
20996
21330
21665
22000
22334
22670
23005
23341
23677
24012
24348
24684
25019
25355
25691
26027
26363
26698
27033
27368
27703
28038
28373
28708
29044
29379
29713
30048
30384
30719
31055
31391
31726
32061
32397
32732
33067
33449
33785
34121
34457
34792
35127
35463
35798
36133
36468
36804
37139
37475
37811
38146
38482
38816
39152
39488
39824
40159
40495
40830
41165
41500
41836
42171
42506
42841
43176
43511
43846
44182
44517
44852
45188
45523
45859
46194
46530
46865
47202
47539
47875
48209
48544
48879
49214
49549
49886
50221
50557
50892
51227
51562
51899
52234
52570
52906
53241
53576
53913
54249
54585
54919
55255
55591
55927
56263
56599
56936
57273
57609
57945
58279
58615
58951
59288
59623
59959
60294
60628
60963
61300
61636
61972
62308
62643
62980
63314
63650
63985
64321
64657
64994
65328
65664
65999
66334
66671
67009
67343
67679
68015
68351
68687
69023
69358
69693
70027
70363
70698
71034
71370
71704
72040
72376
72711
73047
73382
73718
74053
74389
74724
75060
75396
75731
76066
76402
76737
77073
77408
77744
78080
78415
78752
79087
79423
79759
80094
80430
80765
81099
81435
81769
82104
82440
82774
83110
83445
83783
84120
84457
84792
85127
85463
85798
86136
86472
86807
87143
87477
87813
88149
88484
