527
134
347
514
684
850
1019
1186
1356
1525
1693
1861
2028
2195
2363
2530
2697
2865
3032
3200
3367
3534
3702
3869
4036
4205
4372
4541
4710
4878
5047
5213
5382
5550
5717
5885
6052
6220
6387
6554
6721
6889
7057
7224
7392
7560
7728
7895
8063
8231
8399
8566
8734
8901
9068
9236
9403
9570
9738
9904
10072
10239
10406
10593
10760
10927
11094
11261
11429
11595
11762
11929
12097
12264
12431
12598
12765
12934
13101
13269
13442
13611
13779
13946
14114
14281
14448
14615
14783
14949
15116
15284
15452
15619
15787
15955
16123
16291
16459
16626
16794
16961
17129
17296
17464
17631
17798
17966
18133
18300
18467
18635
18802
18969
19136
19304
19471
19638
19805
19990
20156
20323
20490
20657
20824
20991
21158
21324
21492
21659
21826
21993
22160
22328
22496
22663
22843
23013
23178
23351
23519
23687
23855
24023
24191
24359
24527
24695
24862
25030
25198
25365
25532
25699
25866
26034
26201
26368
26536
26704
26872
27040
27209
27377
27546
27714
27882
28049
28217
28384
28551
28719
28886
29054
29221
29389
29556
29724
29891
30058
30226
30393
30561
30728
30896
31063
31231
31398
31566
31733
31901
32069
32236
32405
32571
32739
32907
33074
33242
33410
33577
33745
33913
34081
34249
34416
34584
34752
34920
35087
35255
35423
35590
35758
35925
36093
36261
36428
36596
36764
36931
37099
37266
37434
37601
37769
37936
38105
38272
38439
38608
38777
38945
39114
39282
39449
39618
39785
39953
40121
40289
40456
40624
40792
40959
41127
41293
41461
41629
41796
41965
42134
42302
42470
42637
42806
42974
43141
43310
43478
43645
43812
43980
44147
44314
44482
44650
44818
44987
45155
45324
45491
45659
45827
45994
46162
46331
46497
46665
46832
47000
47168
47335
47502
47669
47837
48005
48173
48346
48513
48681
48849
49017
49185
49351
49519
49728
49895
50063
50231
50398
50565
50732
50900
51067
51234
51402
51569
51737
51905
52071
52239
52407
52573
52741
52910
53078
53245
53414
53582
53750
53917
54084
54251
54418
54586
54754
54921
55088
55255
55425
55592
55759
55932
56100
56269
56437
56604
56771
56939
57106
57274
57441
57608
57776
57943
58110
58277
58445
58613
58780
58947
59116
59284
59452
59620
59788
59956
60123
60292
60459
60627
60795
60962
61130
61297
61464
61632
61799
61967
62135
62303
62470
62638
62806
62972
63140
63308
63476
63642
63810
63978
64145
64313
64480
64648
64815
64982
65149
65317
65484
65653
65820
65988
66156
66335
66502
66669
66837
67004
67172
67338
67506
67674
67841
68009
68176
68344
68511
68679
68846
69013
69181
69349
69515
69683
69851
70018
70186
70354
70524
70694
70863
71031
71200
71366
71535
71701
71870
72037
72205
72372
72540
72707
72875
73043
73211
73378
73546
73715
73882
74052
74218
74387
74556
74723
74891
75060
75228
75396
75564
75731
75900
76069
76236
76404
76571
76738
76905
77073
77239
77407
77574
77742
77908
78076
78243
78411
78577
78745
78912
79080
79247
79415
79582
79751
79917
80085
80253
80421
80589
80757
80926
81093
81262
81428
81596
81763
81930
82098
82265
82433
82601
82768
82936
83106
83273
83442
83610
83778
83944
84112
84279
84447
84614
84781
84949
85115
85283
85450
85617
85784
85952
86119
86287
86454
86637
86803
86971
87137
87305
87471
87638
87805
87972
88140
88306
88473
