985
24
124
207
294
452
540
625
791
874
959
1042
1125
1209
1292
1375
1459
1542
1626
1710
1793
1877
1960
2043
2126
2210
2294
2377
2461
2546
2629
2714
2798
2882
2966
3049
3134
3218
3302
3385
3469
3553
3636
3719
3803
3886
3970
4053
4137
4221
4305
4389
4473
4557
4641
4724
4807
4891
4975
5059
5142
5226
5310
5394
5477
5561
5644
5728
5811
5895
5978
6063
6147
6231
6315
6399
6483
6567
6651
6734
6818
6902
6986
7069
7153
7236
7320
7403
7487
7571
7655
7739
7823
7907
7990
8073
8157
8240
8324
8408
8491
8575
8659
8744
8828
8912
8995
9079
9163
9247
9332
9415
9499
9583
9666
9750
9833
9916
10000
10083
10167
10251
10334
10418
10502
10585
10669
10752
10836
10919
11003
11086
11170
11254
11338
11422
11505
11589
11672
11756
11839
11923
12006
12090
12174
12257
12342
12427
12510
12594
12678
12761
12845
12929
13012
13096
13180
13264
13347
13431
13514
13598
13681
13764
13848
13933
14016
14100
14184
14268
14351
14435
14518
14602
14685
14769
14852
14936
15020
15104
15187
15271
15355
15440
15531
15614
15697
15780
15864
15947
16031
16114
16197
16282
16365
16448
16532
16616
16701
16784
16867
16950
17035
17119
17202
17286
17371
17537
17620
17704
17787
17871
17955
18043
18128
18211
18295
18379
18462
18545
18628
18713
18797
18881
18964
19047
19131
19214
19297
19380
19464
19548
19632
19715
19803
19888
19971
20054
20138
20223
20309
20393
20477
20560
20645
20730
20813
20897
20980
21064
21148
21231
21315
21398
21482
21565
21648
21732
21815
21899
21983
22067
22151
22234
22319
22402
22486
22570
22654
22737
22821
22905
22989
23073
23156
23239
23322
23407
23491
23574
23659
23743
23826
23910
23993
24077
24160
24244
24328
24411
24494
24578
24662
24746
24829
24913
24996
25079
25163
25246
25330
25414
25498
25581
25665
25749
25833
25917
26000
26084
26168
26251
26335
26419
26503
26587
26670
26753
26838
26922
27006
27090
27174
27258
27341
27425
27509
27593
27676
27759
27843
27926
28010
28093
28177
28261
28344
28428
28512
28596
28679
28764
28847
28931
29014
29099
29183
29266
29350
29434
29517
29601
29685
29769
29853
29937
30020
30105
30189
30272
30356
30439
30524
30607
30690
30774
30857
30941
31025
31108
31192
31275
31359
31442
31526
31610
31694
31777
31861
31944
32028
32112
32196
32280
32364
32447
32531
32614
32698
32781
32865
32948
33031
33116
33201
33285
33370
33453
33536
33619
33703
33787
33871
33955
34038
34121
34205
34289
34372
34456
34539
34622
34706
34789
34872
34957
35042
35125
35209
35293
35460
35544
35628
35711
35795
35879
35964
36048
36132
36216
36299
36387
36471
36555
36721
36804
36887
36971
37054
37137
37304
37388
37471
37555
37640
37723
37806
37890
37974
38058
38144
38228
38312
38395
38478
38562
38646
38729
38896
38982
39068
39151
39235
39319
39402
39485
39568
39653
39736
39820
39903
39986
40069
40153
40237
40320
40404
40487
40570
40653
40737
40821
40909
40993
41157
41241
41324
41408
41495
41580
41664
41747
41831
41915
41999
42083
42169
42254
42337
42420
42503
42586
42670
42835
42919
43002
43087
43171
43254
43338
43422
43509
43592
43675
43763
43846
43930
44014
44180
44263
44346
44430
44515
44599
44682
44766
44851
44934
45018
45101
45184
45350
45434
45518
45602
45686
45769
45852
45936
46102
46187
46354
46521
46606
46692
46776
46859
47024
47109
47192
47277
47361
47444
47528
47612
47778
47863
47946
48030
48113
48197
48281
48366
48449
48533
48616
48699
48782
48865
48948
49033
49116
49199
49283
49367
49450
49537
49703
49787
49872
49960
50043
50126
50209
50292
50376
50460
50544
50627
50711
50794
50878
50962
51048
51131
51214
51298
51381
51547
51631
51716
51799
51882
51966
52132
52215
52300
52384
52550
52639
52723
52807
52890
52973
53138
53222
53308
53391
53474
53558
53642
53726
53810
53893
53976
54060
54143
54227
54310
54394
54479
54563
54646
54729
54813
54978
55145
55229
55313
55397
55480
55567
55652
55817
55901
55990
56073
56156
56239
56405
56489
56655
56739
56822
56905
56989
57161
57245
57328
57412
57576
57659
57745
57830
57913
57997
58091
58256
58342
58507
58672
58756
58839
58922
59005
59088
59173
59257
59340
59425
59508
59593
59677
59760
59844
59928
60012
60098
60181
60347
60513
60678
60761
60855
61020
61104
61187
61272
61355
61439
61522
61605
61688
61775
61868
62022
62105
62189
62353
62449
62533
62697
62781
62946
63030
63113
63204
63369
63452
63536
63619
63787
63872
63955
64040
64123
64206
64289
64372
64456
64621
64704
64787
64878
64961
65044
65128
65212
65377
65461
65546
65630
65715
65881
65965
66048
66131
66215
66298
66381
66468
66552
66635
66720
66885
66969
67052
67135
67301
67384
67471
67554
67638
67722
67805
67889
68056
68141
68228
68394
68478
68644
68727
68810
68893
68977
69061
69145
69230
69315
69398
69482
69565
69648
69732
69815
69902
69986
70070
70235
70319
70402
70485
70568
70651
70735
70825
70909
70992
71158
71242
71325
71409
71494
71578
71661
71744
71829
71994
72078
72162
72245
72328
72414
72498
72665
72749
72832
72916
73081
73165
73331
73418
73501
73587
73752
73837
73920
74003
74086
74175
74258
74424
74508
74591
74674
74758
74841
74924
75007
75092
75178
75261
75344
75429
75595
75678
75761
75844
75927
76014
76097
76182
76347
76445
76610
76693
76776
76859
77023
77107
77190
77274
77357
77446
77529
77612
77695
77783
77868
77952
78118
78202
78285
78368
78453
78536
78623
78706
78791
78874
79040
79124
79208
79291
79374
79458
79541
79624
79707
79793
79876
79960
80043
80127
80292
80375
80540
80634
80718
80883
80966
81131
81221
81306
81389
81472
81555
81640
81723
81808
81891
81974
82059
82142
82225
82308
82393
82558
82643
82726
82809
82896
82979
83063
83147
83231
83315
83398
83482
83566
83650
83734
83818
83901
83984
84069
84152
84236
84320
84404
84571
84655
84738
84821
84905
84988
85072
85155
85239
85405
85489
85573
85656
85740
85825
85990
86076
86159
86242
86327
86411
86495
86579
86663
86747
86830
86913
86996
87081
87164
87248
87332
87418
87584
87750
87835
87918
88002
88087
88171
88254
88338
88421
88504
88587
