1549
5
66
168
246
326
372
414
456
500
545
587
664
706
749
833
875
918
963
1006
1087
1170
1252
1295
1337
1379
1461
1503
1585
1628
1670
1713
1755
1798
1881
1963
2005
2047
2089
2131
2215
2298
2340
2382
2424
2466
2550
2592
2634
2676
2718
2760
2802
2844
2969
3012
3054
3096
3179
3221
3263
3305
3347
3389
3472
3514
3556
3598
3640
3723
3765
3807
3849
3891
3933
3975
4017
4141
4183
4225
4267
4309
4351
4434
4517
4600
4642
4684
4726
4768
4851
4893
4976
5018
5060
5102
5144
5227
5269
5352
5394
5436
5478
5520
5562
5604
5687
5729
5812
5854
5896
5979
6063
6105
6147
6230
6273
6356
6398
6440
6482
6565
6607
6649
6691
6733
6775
6817
6900
6983
7025
7067
7109
7192
7234
7317
7360
7443
7485
7568
7610
7652
7736
7819
7861
7903
7987
8070
8112
8194
8236
8278
8320
8362
8404
8446
8488
8530
8572
8654
8696
8738
8780
8863
8905
8988
9031
9114
9156
9239
9281
9323
9365
9407
9449
9491
9574
9616
9699
9741
9783
9825
9908
9950
9992
10034
10158
10200
10242
10284
10326
10368
10451
10493
10576
10618
10660
10743
10785
10827
10869
10911
10994
11036
11078
11161
11244
11286
11328
11370
11412
11495
11537
11579
11662
11704
11746
11788
11830
11872
11914
11997
12039
12122
12164
12206
12248
12331
12414
12456
12498
12581
12623
12665
12707
12790
12832
12874
12916
12958
13000
13042
13084
13126
13209
13251
13334
13376
13418
13460
13502
13544
13627
13710
13752
13794
13836
13878
13920
13962
14045
14128
14170
14212
14254
14296
14338
14380
14422
14505
14547
14589
14631
14673
14797
14839
14881
14923
14965
15048
15090
15132
15215
15257
15299
15341
15383
15425
15467
15509
15592
15634
15676
15759
15801
15843
15926
15968
16010
16093
16135
16177
16261
16344
16386
16469
16511
16553
16595
16637
16720
16762
16804
16846
16930
17013
17055
17138
17180
17222
17264
17347
17389
17431
17514
17597
17639
17681
17723
17765
17807
17890
17932
17974
18016
18099
18141
18183
18225
18267
18309
18392
18434
18517
18559
18643
18726
18768
18810
18893
18977
19019
19061
19103
19145
19187
19270
19312
19354
19396
19479
19521
19563
19647
19730
19772
19855
19897
19980
20022
20064
20106
20148
20190
20232
20274
20316
20358
20400
20442
20525
20567
20609
20692
20734
20776
20818
20860
20984
21026
21068
21110
21193
21236
21320
21403
21446
21529
21571
21613
21655
21738
21780
21822
21905
21947
22030
22113
22155
22197
22280
22322
22405
22448
22531
22573
22615
22657
22741
22783
22866
22949
22991
23033
23116
23158
23200
23242
23325
23367
23491
23534
23616
23658
23700
23742
23825
23867
23910
24034
24076
24118
24202
24327
24369
24452
24494
24536
24619
24661
24744
24786
24828
24870
24994
25036
25079
25162
25204
25246
25290
25332
25415
25498
25541
25624
25666
25749
25791
25833
25957
25999
26041
26084
26167
26209
26251
26295
26420
26503
26545
26587
26629
26671
26755
26837
26879
26921
27004
27046
27170
27253
27295
27379
27421
27463
27546
27588
27630
27714
27756
27798
27881
27923
27965
28048
28131
28173
28215
28298
28340
28382
28465
28507
28549
28591
28633
28675
28758
28841
28884
28967
29009
29092
29135
29217
29300
29342
29384
29426
29468
29551
29634
29717
29759
29801
29843
29885
29967
30010
30093
30135
30177
30219
30262
30304
30346
30390
30473
30556
30637
30680
30762
30804
30846
30969
31012
31054
31136
31178
31220
31301
31343
31386
31428
31476
31520
31602
31645
31687
31770
31852
31894
31936
31978
32061
32104
32146
32188
32232
32314
32356
32399
32482
32524
32607
32689
32731
32815
32857
32939
32981
33023
33105
33148
33232
33314
33356
33399
33481
33523
33565
33649
33732
33775
33859
33941
33984
34026
34068
34150
34193
34235
34317
34359
34401
34484
34567
34609
34651
34693
34775
34817
34901
34946
35027
35406
35448
35490
35532
35574
35616
35665
35738
35788
35831
35915
35997
36039
36081
36123
36205
36248
36316
36370
36412
36496
36538
36580
36622
36689
36743
36787
36831
36913
36955
36998
37040
37082
37125
37206
37249
37291
37333
37375
37457
37499
37541
37624
37708
37791
37873
37916
37958
38080
38122
38205
38249
38330
38373
38455
38497
38540
38583
38667
38749
38791
38834
38917
38959
39001
39084
39139
39208
39250
39292
39334
39417
39474
39516
39558
39853
39936
39979
40039
40101
40143
40227
40269
40311
40353
40395
40453
40498
40540
40600
40643
40686
40830
40892
40934
40976
41018
41060
41102
41144
41197
41244
41287
41330
41410
41453
41535
41578
41660
41703
41745
41827
41870
41912
41954
42037
42119
42162
42204
42286
42329
42412
42455
42537
42579
42663
42745
42788
42830
42872
42953
43037
43080
43162
43204
43246
43288
43331
43373
43416
43497
43539
43623
43665
43748
43791
43834
43916
43958
44041
44084
44208
44251
44293
44376
44419
44462
44544
44587
44629
44671
44713
44796
44839
44881
44923
44966
45047
45090
45132
45215
45258
45383
45425
45468
45510
45552
45635
45677
45720
45803
45845
45887
45971
46013
46095
46138
46220
46303
46345
46387
46470
46512
46554
46596
46679
46761
46804
46888
46971
47014
47056
47138
47180
47222
47265
47347
47390
47473
47515
47598
47640
47683
47766
47808
47850
47892
47934
48017
48100
48143
48226
48270
48351
48394
48437
48518
48562
48645
48687
48770
48813
48855
48897
48981
49065
49147
49189
49232
49274
49357
49399
49441
49483
49525
49567
49609
49651
49693
49776
49818
49860
49943
49985
50028
50110
50152
50194
50236
50279
50361
50403
50446
50488
50530
50613
50655
50697
50739
50821
50863
50906
50989
51031
51115
51197
51240
51322
51365
51407
51449
51491
51533
51616
51658
51700
51783
51826
51909
51951
52034
52077
52119
52161
52243
52286
52328
52370
52454
52496
52538
52580
52704
52789
52831
52914
52998
53041
53084
53166
53249
53333
53376
53418
53501
53584
53627
53710
53752
53794
53836
53918
53960
54002
54044
54086
54128
54170
54212
54296
54379
54462
54505
54588
54630
54673
54756
54840
54923
55006
55048
55091
55175
55217
55299
55383
55425
55467
55509
55592
55676
55759
55801
55843
55886
55929
56010
56052
56095
56178
56220
56262
56304
56387
56429
56472
56555
56639
56681
56723
56765
56808
56890
56933
56975
57058
57100
57143
57185
57309
57393
57476
57518
57560
57603
57727
57769
57811
57853
57895
57937
58020
58104
58146
58229
58271
58354
58438
58481
58523
58605
58647
58730
58773
58898
58940
58983
59065
59149
59192
59275
59317
59400
59442
59485
59568
59652
59736
59819
59862
59944
59986
60029
60112
60196
60238
60280
60322
60405
60448
60490
60532
60614
60657
60740
60783
60825
60867
60950
60992
61075
61159
61201
61243
61285
61368
61452
61494
61536
61578
61620
61703
61745
61787
61870
61912
61954
61996
62038
62080
62164
62246
62288
62330
62372
62414
62456
62498
62540
62622
62665
62748
62831
62874
62916
62999
63041
63083
63125
63250
63293
63335
63377
63460
63543
63585
63628
63671
63752
63795
63837
63921
63963
64044
64087
64129
64213
64257
64339
64381
64424
64507
64550
64675
64717
64759
64801
64883
64967
65051
65095
65177
65219
65261
65344
65386
65470
65553
65595
65678
65721
65804
65847
65930
65972
66055
66097
66139
66181
66263
66305
66389
66431
66474
66557
66599
66641
66725
66807
66850
66933
66976
67059
67101
67184
67268
67351
67394
67436
67479
67561
67603
67727
67770
67812
67895
67938
67980
68022
68105
68148
68191
68273
68315
68358
68441
68523
68566
68609
68692
68734
68818
68860
68903
68945
68987
69029
69071
69153
69195
69238
69280
69364
69406
69488
69530
69573
69656
69699
69780
69823
69865
69907
69949
69991
70074
70116
70158
70200
70242
70326
70368
70450
70492
70534
70617
70660
70742
70826
70868
70911
70992
71035
71078
71159
71203
71245
71287
71330
71412
71454
71496
71578
71620
71663
71706
71791
71835
71916
71960
72003
72046
72089
72170
72212
72254
72296
72338
72380
72463
72547
72590
72633
72716
72759
72801
72844
73006
73049
73091
73174
73217
73296
73340
73383
73426
73509
73551
73593
73677
73720
73763
73884
73928
74011
74054
74136
74179
74262
74304
74347
74389
74431
74475
74517
74597
74640
74682
74725
74769
74811
74853
74933
74978
75020
75062
75104
75146
75189
75268
75311
75354
75439
75481
75525
75571
75646
75689
75731
75774
75816
75858
75902
75983
76025
76067
76111
76153
76235
76278
76320
76362
76405
76486
76529
76572
76618
76696
76780
76863
76905
76987
77030
77073
77157
77200
77272
77324
77406
77448
77490
77532
77575
77617
77659
77702
77784
77827
77908
77951
77993
78035
78079
78121
78163
78205
78248
78329
78455
78539
78664
78707
78789
78831
78874
78917
78959
79040
79083
79167
79209
79251
79293
79335
79417
79461
79503
79545
79627
79669
79753
79835
79878
79920
79963
80005
80087
80129
80171
80255
80298
80340
80382
80465
80547
80590
80672
80714
80756
80799
80841
80923
80965
81007
81049
81092
81173
81217
81259
81342
81424
81466
81509
81592
81676
81719
81802
81887
81930
82011
82053
82095
82137
82180
82262
82346
82429
82472
82514
82557
82639
82681
82764
82807
82849
82892
82934
82976
83058
83100
83183
83225
83268
83351
83393
83435
83518
83561
83603
83645
83729
83812
83855
83979
84021
84063
84105
84148
84230
84273
84316
84398
84441
84524
84605
84648
84690
84733
84775
84859
84942
84984
85067
85110
85153
85234
85317
85360
85442
85526
85569
85611
85653
85695
85737
85820
85904
85946
86027
86070
86112
86154
86196
86238
86280
86363
86406
86489
86532
86574
86656
86698
86740
86822
86864
86907
86949
86992
87074
87157
87200
87243
87326
87369
87452
87494
87536
87578
87661
87744
87786
87828
87870
87912
87995
88079
88121
88164
88247
88330
88373
88456
88498
88582
