139
274
954
1624
2294
2962
3647
4315
5018
5688
6358
7029
7701
8373
9054
9729
10402
11076
11750
12422
13096
13770
14443
15115
15788
16462
17135
17807
18480
19155
19831
20511
21187
21860
22532
23204
23877
24551
25225
25899
26573
27248
27922
28597
29273
29951
30627
31301
31976
32652
33326
34002
34677
35351
36026
36700
37375
38051
38726
39399
40073
40748
41422
42096
42770
43444
44118
44792
45466
46139
46813
47487
48160
48835
49507
50180
50854
51526
52199
52872
53547
54222
54898
55573
56249
56925
57600
58276
58952
59627
60304
60979
61654
62328
63004
63679
64353
65028
65701
66376
67050
67726
68399
69074
69748
70422
71097
71771
72447
73120
73794
74468
75140
75811
76480
77152
77826
78496
79172
79844
80519
81195
81907
82583
83256
83929
84602
85274
85947
86620
87292
87967
88653
89371
90118
90949
91773
92699
93562
94504
