278
223
557
872
1209
1545
1883
2219
2554
2890
3242
3577
3913
4248
4583
4919
5255
5591
5928
6266
6602
6939
7279
7620
7955
8291
8627
8962
9298
9634
9969
10305
10640
10976
11311
11647
12000
12336
12672
13008
13344
13679
14015
14351
14688
15057
15391
15726
16061
16396
16732
17068
17404
17742
18078
18414
18750
19086
19423
19760
20109
20446
20781
21117
21453
21788
22124
22460
22796
23131
23467
23803
24139
24476
24812
25149
25485
25822
26158
26494
26832
27169
27506
27843
28181
28518
28857
29194
29532
29870
30208
30546
30884
31221
31559
31897
32234
32572
32909
33248
33586
33924
34261
34598
34935
35272
35609
35946
36282
36619
36956
37293
37629
37967
38303
38641
38979
39319
39657
39994
40332
40668
41004
41341
41678
42015
42352
42689
43025
43362
43699
44036
44373
44710
45046
45384
45720
46058
46394
46730
47068
47405
47742
48078
48415
48752
49088
49426
49761
50098
50434
50771
51108
51444
51780
52117
52452
52789
53126
53463
53800
54137
54475
54813
55151
55489
55826
56164
56501
56838
57176
57513
57852
58188
58527
58863
59201
59539
59875
60212
60550
60887
61225
61561
61898
62236
62572
62909
63247
63583
63920
64257
64594
64932
65268
65605
65942
66279
66616
66954
67291
67628
67965
68302
68639
68977
69314
69651
69988
70325
70661
70999
71335
71671
72008
72343
72680
73016
73537
73873
74210
74546
74883
75220
75557
75894
76231
76568
76905
77241
77578
77915
78252
78589
78927
79264
79601
79937
80274
80611
80948
81284
81621
81958
82295
82632
82969
83305
83643
83979
84316
84653
84989
85327
85664
86001
86337
86674
87011
87347
87685
88262
88619
88959
89304
89654
90011
90371
90727
91091
91456
91855
92220
92624
92989
93304
93661
94151
94569
