556
23
191
358
539
703
857
1026
1197
1421
1590
1756
1931
2199
2384
2550
2718
2891
3057
3223
3397
3566
3731
3897
4068
4238
4404
4571
4746
4913
5081
5250
5418
5586
5753
5920
6089
6255
6424
6591
6760
6926
7095
7262
7430
7597
7765
7934
8102
8270
8437
8605
8777
8943
9112
9278
9448
9618
9784
9953
10120
10289
10456
10625
10792
10960
11128
11296
11463
11631
11799
11966
12135
12387
12555
12723
12891
13059
13227
13395
13563
13732
13900
14068
14237
14405
14574
14742
14911
15080
15248
15418
15585
15754
15922
16091
16260
16427
16596
16763
16933
17101
17270
17440
17610
17778
17947
18115
18284
18452
18621
18789
18957
19126
19294
19462
19631
19799
19967
20136
20304
20472
20640
20809
20977
21145
21314
21482
21651
21819
21988
22157
22325
22494
22662
22830
22999
23167
23336
23505
23673
23842
24010
24179
24347
24516
24685
24853
25022
25190
25359
25527
25695
25864
26032
26200
26369
26537
26705
26873
27042
27210
27378
27547
27715
27883
28052
28220
28388
28557
28725
28894
29062
29231
29399
29567
29736
29904
30073
30241
30409
30578
30746
30915
31083
31252
31420
31589
31757
31925
32093
32262
32430
32598
32766
32935
33103
33392
33560
33729
33897
34065
34233
34401
34569
34738
34906
35074
35243
35411
35579
35748
35916
36085
36253
36422
36590
36759
36927
37095
37264
37432
37600
37769
37937
38105
38273
38441
38610
38778
38946
39115
39283
39451
39620
39788
39957
40125
40294
40463
40631
40799
40967
41136
41304
41472
41641
41809
41977
42146
42314
42483
42651
42819
42988
43157
43325
43494
43663
43831
43999
44168
44336
44505
44673
44841
45010
45178
45347
45515
45684
45852
46021
46189
46358
46526
46695
46864
47032
47201
47369
47538
47707
47875
48044
48212
48381
48549
48717
48886
49055
49223
49391
49559
49728
49896
50065
50233
50402
50570
50738
50907
51075
51243
51412
51580
51748
51917
52085
52254
52422
52590
52759
52927
53096
53265
53433
53602
53770
53939
54107
54276
54445
54613
54782
54951
55120
55288
55457
55626
55795
55964
56132
56301
56469
56638
56806
56975
57144
57312
57481
57649
57818
57986
58154
58322
58491
58660
58828
58997
59165
59333
59501
59670
59839
60007
60175
60343
60512
60741
60909
61077
61246
61414
61583
61751
61920
62089
62258
62426
62594
62763
62931
63100
63269
63438
63606
63775
63943
64111
64281
64449
64618
64786
64955
65123
65292
65460
65629
65797
65966
66135
66304
66472
66641
66809
66978
67146
67315
67483
67652
67820
67990
68158
68327
68496
68664
68926
69095
69264
69432
69601
69770
69939
70107
70276
70445
70613
70782
70951
71119
71288
71457
71625
71793
71962
72131
72299
72467
72636
72804
72972
73141
73309
73477
73646
73815
73983
74151
74321
74489
74657
74826
74994
75163
75331
75500
75669
75837
76005
76173
76342
76510
76679
76847
77016
77184
77352
77520
77690
77857
78026
78194
78363
78531
78700
78869
79037
79206
79374
79542
79712
79880
80049
80217
80385
80555
80723
80892
81060
81230
81398
81567
81737
81905
82074
82244
82413
82582
82751
82918
83087
83256
83425
83594
83762
83930
84100
84268
84436
84605
84772
84942
85110
85279
85448
85616
85783
85953
86120
86289
86458
86626
86794
86962
87131
87299
87467
87636
87804
87972
88240
88411
88579
88750
88925
89100
89275
89447
89619
89807
89977
90152
90325
90510
90676
90888
91055
91275
91456
91631
91830
92009
92289
92457
92669
92981
93152
93317
93490
93677
93846
94022
94227
94381
94541
94749
