1042
74
177
272
405
492
575
659
742
826
910
993
1077
1161
1244
1328
1414
1498
1581
1669
1754
1837
1923
2008
2092
2175
2259
2347
2430
2514
2598
2682
2766
2850
2935
3018
3102
3186
3270
3354
3438
3522
3606
3690
3774
3858
3942
4027
4114
4198
4282
4366
4450
4534
4618
4702
4786
4870
4954
5038
5122
5206
5291
5375
5459
5544
5628
5712
5796
5880
5964
6048
6132
6217
6301
6385
6469
6553
6637
6721
6805
6889
6974
7058
7142
7226
7310
7431
7515
7599
7683
7768
7852
7936
8020
8104
8188
8272
8356
8440
8524
8608
8693
8777
8861
8945
9029
9113
9197
9282
9366
9450
9534
9619
9703
9837
9921
10005
10090
10174
10258
10342
10426
10510
10594
10679
10763
10847
10931
11015
11099
11183
11267
11351
11435
11519
11604
11688
11772
11856
11940
12024
12108
12192
12276
12361
12445
12529
12613
12697
12782
12866
12950
13034
13119
13203
13287
13371
13456
13540
13624
13709
13793
13877
13961
14046
14130
14214
14298
14382
14466
14551
14635
14719
14803
14887
14972
15056
15140
15224
15308
15393
15477
15561
15645
15730
15814
15898
15982
16067
16151
16235
16319
16403
16488
16572
16656
16740
16825
16909
16993
17077
17162
17246
17330
17414
17498
17582
17667
17751
17835
17919
18003
18087
18172
18256
18340
18424
18509
18593
18677
18762
18846
18931
19015
19099
19184
19268
19352
19437
19521
19605
19690
19774
19858
19942
20026
20143
20227
20311
20395
20480
20564
20648
20733
20817
20901
20986
21070
21154
21239
21323
21407
21492
21576
21660
21744
21829
21913
21997
22081
22166
22250
22334
22418
22502
22586
22670
22754
22839
22923
23007
23091
23175
23259
23344
23428
23512
23596
23680
23825
23909
23993
24077
24161
24245
24330
24414
24498
24582
24666
24751
24835
24919
25003
25087
25171
25256
25340
25424
25508
25592
25677
25761
25845
25929
26013
26098
26182
26266
26350
26435
26519
26603
26687
26771
26856
26940
27024
27109
27193
27277
27361
27446
27530
27614
27698
27782
27867
27951
28035
28119
28204
28288
28372
28456
28540
28625
28709
28793
28877
28962
29046
29130
29214
29298
29382
29467
29551
29635
29719
29804
29888
29972
30056
30140
30224
30308
30393
30477
30561
30645
30729
30843
30927
31012
31096
31180
31264
31349
31433
31517
31601
31685
31770
31854
31938
32023
32107
32191
32275
32359
32443
32528
32612
32696
32780
32864
32948
33032
33116
33200
33284
33368
33452
33536
33620
33704
33788
33872
33956
34040
34124
34209
34293
34377
34461
34545
34629
34713
34797
34881
34965
35049
35134
35218
35302
35386
35470
35554
35638
35722
35807
35891
35975
36059
36143
36228
36312
36396
36480
36565
36649
36733
36817
36902
36986
37070
37154
37239
37323
37407
37491
37576
37660
37744
37828
37912
37997
38081
38165
38249
38333
38417
38502
38586
38670
38754
38838
38922
39006
39091
39175
39259
39342
39427
39511
39595
39679
39763
39847
39932
40016
40100
40184
40268
40352
40437
40521
40605
40689
40774
40858
40943
41027
41111
41196
41280
41364
41449
41533
41618
41701
41786
41870
41955
42039
42123
42207
42292
42376
42460
42545
42629
42713
42798
42882
42966
43050
43134
43219
43303
43387
43471
43556
43640
43724
43809
43893
43977
44061
44146
44229
44314
44398
44483
44567
44651
44736
44820
44904
44989
45073
45157
45242
45326
45410
45495
45579
45664
45748
45833
45917
46002
46086
46170
46254
46339
46424
46508
46592
46677
46761
46846
46930
47015
47099
47183
47268
47352
47437
47521
47606
47690
47775
47859
47943
48027
48112
48197
48281
48365
48449
48534
48618
48702
48787
48871
48955
49039
49123
49208
49292
49376
49461
49545
49629
49713
49797
49881
49966
50050
50134
50218
50302
50387
50471
50555
50639
50723
50807
50891
50976
51060
51144
51228
51312
51396
51481
51565
51649
51733
51817
51901
51986
52070
52154
52238
52322
52407
52491
52575
52659
52743
52827
52912
52995
53079
53164
53248
53332
53416
53501
53585
53669
53753
53838
53921
54006
54090
54175
54259
54342
54427
54511
54595
54679
54764
54847
54932
55016
55100
55183
55267
55425
55511
55595
55683
55768
55852
55935
56021
56106
56190
56274
56359
56442
56527
56612
56696
56780
56864
56949
57032
57116
57201
57286
57370
57455
57539
57623
57706
57791
57876
57959
58043
58127
58211
58295
58380
58463
58548
58631
58717
58799
58883
58967
59052
59135
59219
59303
59388
59472
59556
59640
59724
59809
59892
59977
60062
60146
60230
60315
60397
60483
60567
60650
60735
60819
60902
60988
61071
61155
61238
61322
61407
61490
61574
61660
61741
61826
61910
61993
62078
62162
62245
62331
62414
62498
62581
62664
62750
62833
62919
63002
63087
63171
63256
63341
63424
63509
63593
63677
63761
63844
63929
64014
64098
64183
64266
64350
64436
64520
64604
64688
64772
64857
64941
65026
65110
65193
65278
65363
65446
65531
65614
65699
65783
65868
65952
66037
66121
66206
66290
66375
66459
66543
66628
66713
66797
66881
66966
67051
67135
67220
67304
67388
67473
67557
67641
67725
67811
67894
67979
68064
68148
68232
68316
68401
68485
68571
68655
68740
68824
68908
68992
69077
69162
69246
69331
69415
69499
69584
69668
69752
69837
69921
70006
70090
70175
70259
70343
70428
70511
70597
70681
70765
70849
70933
71017
71102
71186
71270
71355
71438
71523
71607
71691
71776
71860
71945
72029
72113
72197
72281
72366
72450
72534
72619
72703
72787
72872
72956
73040
73124
73209
73294
73378
73462
73546
73631
73715
73799
73883
73968
74053
74137
74221
74305
74390
74474
74558
74643
74727
74811
74895
74979
75064
75148
75232
75317
75401
75485
75570
75654
75738
75822
75906
75990
76074
76159
76243
76327
76412
76495
76580
76664
76748
76832
76916
77001
77084
77169
77253
77338
77421
77505
77590
77674
77758
77842
77926
78010
78094
78178
78263
78347
78431
78515
78600
78684
78768
78851
78936
79021
79105
79189
79273
79358
79441
79526
79610
79694
79779
79862
79947
80030
80115
80200
80284
80368
80452
80536
80621
80705
80790
80874
80958
81042
81126
81211
81294
81378
81463
81547
81631
81715
81800
81883
81969
82052
82137
82220
82305
82389
82472
82557
82641
82725
82809
82893
82979
83062
83147
83231
83315
83399
83483
83568
83652
83737
83821
83904
83989
84073
84157
84242
84326
84409
84494
84579
84663
84746
84831
84914
84999
85083
85168
85251
85336
85421
85504
85589
85672
85757
85842
85926
86009
86094
86179
86262
86347
86430
86515
86600
86684
86768
86852
86937
87021
87104
87189
87273
87356
87441
87526
87610
87694
87779
87862
87947
88031
88115
