1830
14
71
112
151
193
234
276
317
360
402
444
486
528
570
612
654
696
738
780
822
864
906
948
990
1032
1074
1116
1157
1199
1241
1283
1325
1367
1410
1451
1493
1535
1578
1620
1662
1704
1747
1789
1831
1874
1916
1958
2000
2042
2083
2126
2167
2213
2255
2335
2377
2419
2461
2503
2545
2587
2629
2671
2713
2756
2798
2841
2883
2925
2967
3010
3051
3093
3134
3177
3219
3260
3303
3345
3387
3430
3472
3514
3556
3598
3640
3682
3724
3766
3809
3851
3893
3934
3976
4019
4061
4103
4145
4187
4229
4271
4313
4355
4397
4439
4481
4523
4565
4607
4649
4691
4733
4775
4817
4860
4902
4944
4986
5028
5070
5112
5154
5196
5238
5280
5322
5364
5406
5448
5490
5532
5574
5616
5658
5700
5742
5784
5826
5868
5910
5952
5994
6036
6078
6120
6162
6204
6246
6288
6330
6372
6414
6456
6498
6540
6582
6624
6666
6708
6750
6792
6834
6876
6918
6960
7002
7044
7086
7128
7170
7212
7254
7296
7338
7379
7421
7463
7505
7547
7589
7631
7673
7715
7757
7799
7841
7883
7925
7967
8009
8051
8093
8135
8177
8219
8261
8303
8345
8387
8429
8471
8513
8555
8597
8639
8681
8723
8765
8807
8849
8891
8934
8976
9018
9060
9102
9144
9186
9228
9270
9312
9354
9396
9438
9480
9522
9564
9607
9649
9691
9733
9775
9817
9859
9901
9943
9985
10027
10069
10111
10153
10195
10237
10279
10321
10364
10406
10448
10490
10532
10574
10616
10658
10700
10742
10784
10826
10868
10910
10952
10994
11036
11078
11120
11162
11204
11246
11288
11330
11372
11414
11456
11498
11540
11582
11624
11666
11708
11750
11792
11834
11876
11918
11960
12002
12044
12086
12128
12170
12212
12254
12296
12337
12380
12422
12463
12506
12547
12589
12631
12673
12715
12757
12799
12841
12884
12926
12968
13010
13052
13094
13136
13178
13220
13262
13304
13346
13388
13430
13472
13514
13556
13598
13640
13682
13724
13766
13809
13851
13893
13935
13977
14019
14061
14103
14145
14187
14229
14271
14314
14355
14398
14440
14482
14524
14566
14608
14650
14692
14734
14776
14818
14861
14902
14945
14987
15029
15071
15113
15155
15197
15239
15282
15323
15366
15408
15450
15492
15534
15576
15618
15661
15703
15745
15787
15829
15871
15913
15955
15998
16040
16082
16124
16166
16208
16251
16292
16335
16377
16419
16461
16503
16545
16587
16630
16672
16714
16756
16798
16840
16882
16924
16966
17009
17051
17093
17135
17177
17219
17261
17303
17345
17388
17429
17472
17514
17556
17598
17640
17682
17724
17766
17808
17850
17892
17934
17976
18018
18060
18102
18144
18186
18228
18270
18312
18354
18396
18438
18480
18522
18564
18606
18648
18690
18732
18774
18816
18858
18900
18942
18984
19026
19068
19110
19152
19194
19236
19278
19320
19362
19405
19447
19488
19531
19573
19615
19657
19699
19741
19783
19825
19867
19909
19951
19993
20035
20078
20119
20162
20204
20246
20288
20330
20372
20414
20456
20498
20540
20582
20625
20666
20709
20751
20793
20835
20877
20919
20961
21003
21045
21088
21130
21172
21214
21256
21298
21340
21382
21424
21466
21508
21550
21592
21634
21677
21719
21761
21803
21845
21887
21929
21971
22013
22055
22097
22139
22181
22223
22266
22307
22349
22391
22434
22476
22518
22560
22602
22644
22686
22728
22770
22812
22854
22896
22938
22980
23022
23064
23106
23148
23190
23232
23274
23316
23358
23400
23443
23485
23527
23569
23611
23653
23695
23737
23779
23821
23863
23906
23948
23990
24032
24074
24116
24158
24200
24242
24284
24326
24368
24410
24452
24495
24537
24579
24621
24663
24705
24747
24789
24831
24873
24915
24958
25000
25042
25084
25126
25168
25210
25252
25294
25336
25378
25420
25462
25505
25547
25589
25631
25673
25715
25757
25799
25841
25883
25925
25967
26009
26051
26094
26136
26178
26220
26262
26304
26346
26388
26430
26472
26514
26556
26598
26640
26682
26725
26767
26809
26851
26893
26935
26977
27019
27061
27103
27145
27187
27229
27271
27314
27355
27397
27439
27482
27524
27566
27608
27650
27692
27734
27776
27818
27860
27902
27944
27986
28028
28071
28113
28155
28197
28239
28281
28323
28365
28407
28449
28491
28533
28575
28617
28659
28701
28744
28785
28828
28870
28912
28954
28996
29038
29080
29122
29164
29206
29248
29291
29332
29374
29416
29458
29501
29543
29585
29627
29669
29711
29753
29795
29837
29879
29921
29963
30005
30047
30089
30131
30173
30216
30258
30300
30342
30384
30426
30468
30510
30552
30594
30636
30678
30720
30762
30804
30846
30888
30930
30972
31014
31056
31098
31141
31183
31224
31267
31309
31351
31393
31435
31477
31519
31561
31603
31645
31687
31729
31771
31813
31855
31897
31939
31981
32023
32065
32107
32149
32191
32233
32275
32317
32359
32401
32443
32485
32527
32569
32611
32653
32695
32737
32779
32821
32863
32905
32947
32989
33031
33073
33115
33157
33199
33241
33283
33325
33367
33409
33451
33493
33535
33577
33619
33661
33703
33745
33787
33829
33871
33913
33955
33997
34039
34080
34122
34164
34207
34249
34291
34333
34375
34417
34459
34501
34543
34585
34627
34669
34711
34753
34795
34837
34879
34921
34963
35005
35047
35089
35131
35173
35215
35258
35300
35342
35384
35426
35468
35510
35552
35594
35636
35678
35720
35762
35804
35846
35889
35930
35973
36015
36057
36099
36141
36183
36225
36268
36309
36352
36394
36436
36478
36520
36562
36604
36646
36688
36731
36772
36815
36857
36899
36940
36983
37025
37067
37109
37150
37193
37235
37277
37319
37361
37403
37445
37487
37529
37571
37613
37655
37697
37739
37782
37824
37865
37908
37950
37991
38033
38076
38118
38160
38202
38244
38286
38329
38370
38412
38454
38496
38538
38580
38622
38664
38707
38748
38791
38833
38875
38917
38959
39001
39043
39085
39127
39170
39211
39254
39295
39337
39379
39422
39464
39506
39548
39590
39632
39674
39716
39758
39800
39842
39884
39926
39969
40011
40052
40095
40136
40179
40220
40263
40304
40347
40389
40430
40473
40515
40557
40599
40641
40683
40725
40767
40810
40851
40894
40936
40978
41020
41062
41104
41146
41188
41230
41272
41314
41356
41398
41441
41482
41525
41566
41609
41651
41693
41735
41776
41819
41860
41903
41945
41987
42030
42071
42113
42155
42197
42239
42281
42323
42366
42408
42450
42491
42534
42576
42618
42660
42702
42744
42786
42829
42871
42912
42954
42996
43038
43080
43123
43164
43207
43249
43291
43333
43375
43417
43459
43501
43543
43585
43627
43669
43712
43754
43796
43838
43880
43922
43964
44006
44048
44091
44132
44175
44216
44258
44301
44343
44384
44427
44468
44511
44553
44595
44637
44679
44721
44763
44806
44848
44890
44931
44973
45016
45058
45100
45142
45184
45226
45268
45311
45352
45394
45436
45478
45521
45563
45605
45647
45689
45731
45773
45815
45857
45899
45941
45984
46025
46068
46110
46152
46194
46236
46278
46320
46362
46404
46447
46489
46531
46573
46616
46658
46700
46742
46784
46826
46868
46910
46953
46995
47037
47079
47121
47163
47206
47248
47290
47332
47374
47416
47459
47501
47543
47585
47627
47669
47711
47754
47796
47838
47880
47922
47965
48006
48049
48091
48133
48175
48217
48259
48302
48344
48386
48428
48470
48513
48555
48596
48639
48682
48723
48765
48807
48849
48891
48934
48976
49018
49060
49102
49144
49187
49228
49270
49313
49355
49397
49439
49481
49523
49565
49607
49649
49692
49734
49776
49818
49860
49902
49944
49986
50028
50071
50112
50154
50197
50239
50281
50323
50365
50407
50450
50491
50533
50575
50617
50659
50701
50743
50786
50828
50870
50912
50954
50996
51038
51080
51122
51164
51207
51249
51291
51332
51375
51416
51459
51501
51543
51585
51628
51669
51711
51753
51795
51838
51880
51921
51964
52005
52048
52090
52132
52174
52216
52257
52300
52342
52384
52426
52468
52510
52553
52594
52637
52678
52721
52763
52805
52847
52889
52931
52972
53015
53057
53099
53141
53183
53225
53268
53309
53351
53394
53436
53478
53520
53562
53604
53646
53688
53730
53772
53814
53856
53898
53940
53982
54024
54067
54109
54151
54193
54235
54276
54319
54361
54402
54444
54487
54529
54571
54613
54655
54697
54738
54781
54823
54865
54907
54949
54991
55033
55076
55118
55159
55201
55244
55286
55328
55369
55412
55454
55496
55538
55580
55622
55664
55707
55748
55790
55832
55874
55916
55959
56000
56042
56085
56126
56169
56210
56253
56295
56336
56379
56422
56463
56505
56547
56589
56631
56673
56715
56758
56800
56842
56883
56925
56968
57010
57051
57094
57135
57177
57220
57263
57304
57345
57389
57430
57472
57515
57557
57597
57640
57682
57724
57767
57808
57850
57892
57935
57976
58018
58061
58103
58145
58187
58229
58271
58313
58355
58398
58439
58481
58523
58566
58608
58650
58692
58734
58775
58818
58860
58901
58944
58985
59027
59070
59112
59154
59195
59237
59280
59321
59365
59406
59448
59490
59533
59575
59616
59658
59700
59742
59784
59827
59868
59910
59952
59995
60036
60079
60121
60162
60204
60247
60289
60330
60373
60414
60457
60500
60541
60583
60625
60666
60709
60751
60793
60835
60878
60919
60961
61004
61046
61087
61129
61172
61214
61255
61298
61340
61383
61423
61465
61508
61549
61591
61634
61675
61719
61760
61803
61845
61887
61928
61970
62013
62054
62096
62138
62180
62222
62265
62306
62349
62390
62434
62474
62517
62560
62600
62643
62685
62727
62769
62812
62853
62895
62937
62979
63021
63064
63105
63147
63189
63231
63273
63315
63357
63399
63442
63483
63526
63568
63610
63652
63694
63735
63778
63820
63862
63904
63947
63989
64031
64073
64115
64157
64198
64240
64283
64325
64366
64408
64451
64492
64536
64577
64619
64661
64703
64746
64787
64830
64872
64913
64956
64998
65040
65081
65123
65166
65208
65250
65293
65333
65376
65419
65460
65501
65544
65587
65628
65670
65713
65755
65796
65838
65880
65922
65964
66007
66048
66091
66133
66175
66216
66259
66301
66343
66386
66427
66469
66512
66553
66596
66637
66680
66721
66764
66806
66849
66890
66933
66974
67016
67059
67101
67142
67185
67226
67269
67311
67352
67395
67437
67480
67521
67564
67606
67647
67690
67731
67773
67817
67858
67900
67942
67984
68026
68069
68111
68152
68195
68238
68279
68321
68363
68405
68447
68489
68532
68575
68617
68658
68700
68742
68785
68827
68869
68911
68953
68995
69037
69080
69122
69164
69206
69248
69290
69333
69374
69417
69459
69501
69543
69586
69627
69671
69712
69754
69797
69838
69881
69923
69965
70007
70049
70091
70134
70176
70218
70260
70302
70345
70387
70429
70470
70513
70555
70598
70640
70681
70724
70766
70807
70850
70892
70933
70976
71019
71061
71102
71145
71186
71229
71271
71313
71355
71397
71440
71481
71524
71565
71608
71650
71691
71733
71776
71818
71859
71902
71943
71985
72027
72070
72112
72153
72196
72239
72280
72322
72364
72406
72448
72491
72532
72575
72617
72659
72701
72743
72784
72827
72869
72911
72954
72995
73037
73080
73122
73164
73206
73248
73290
73333
73374
73416
73459
73500
73543
73584
73627
73669
73711
73754
73795
73838
73879
73922
73964
74006
74047
74090
74133
74175
74216
74259
74301
74343
74385
74427
74470
74511
74554
74595
74637
74680
74721
74765
74807
74849
74891
74934
74975
75016
75058
75101
75142
75185
75227
75269
75311
75353
75396
75438
75480
75521
75564
75606
75648
75690
75733
75774
75817
75859
75901
75943
75986
76027
76068
76111
76152
76196
76237
76279
76321
76363
76406
76447
76489
76530
76573
76616
76658
76700
76743
76784
76825
76868
76910
76953
76994
