274
363
1041
1996
3050
3726
4402
5073
5745
6412
7089
7764
8435
9393
10452
11125
11799
12472
13142
13815
14488
15161
15835
16506
17179
17851
18524
19197
19869
20542
21214
21887
22560
23232
23905
24577
25250
25923
26596
27268
27940
28613
29286
29959
30631
31304
31977
32649
33322
33995
34667
35340
36012
36685
37357
38030
38703
39375
40048
40721
41393
42066
42738
43411
44084
44756
45429
46101
46774
47447
48119
48792
49464
50137
50810
51482
52155
52828
53500
54173
54846
55518
56191
56863
57536
58209
58881
59554
60226
60899
61572
62244
62917
63590
64262
64935
65607
66280
66953
67625
68298
68970
69643
70316
70988
71661
72334
73006
73679
74351
75024
75697
76369
77042
77714
78387
79060
79732
80405
81078
81750
82423
83096
83768
84441
85113
85786
86459
87131
87804
88482
89144
89785
90452
91125
91796
92391
93069
94023
95109
95780
96373
97049
97602
98210
98893
99576
100260
101122
101787
102659
103349
104024
104700
105840
106512
107188
108167
108849
109873
110542
111213
111894
112577
113250
113936
114582
115258
115919
117066
118046
118720
119514
120190
120868
121817
122485
123369
124039
124716
125573
126726
127409
128070
129138
129814
130488
131160
131838
132503
133182
133852
134529
135294
136250
136906
137586
138275
138941
139594
140268
140943
141629
142287
143083
143652
144433
145103
145779
146438
147117
147797
148475
149612
150491
151641
152279
152952
153663
154327
155008
155677
156343
157030
157703
158381
159558
160669
161328
161993
163141
164018
164647
165433
166021
166715
167385
168022
168993
169669
170538
171195
172170
172963
173534
174231
174860
175446
176163
177012
177683
178326
179454
180013
181087
181680
182662
183236
183799
184450
185552
186469
187363
188054
188747
189426
190157
190761
191412
192099
192751
193417
194448
195464
196180
