383
175
514
853
1189
1526
1864
2202
2541
2877
3215
3554
3891
4228
4566
4904
5242
5579
5916
6255
6593
6929
7267
7605
7943
8281
8617
8956
9294
9631
9969
10307
10644
10982
11319
11657
11995
12332
12670
13008
13345
13683
14021
14358
14696
15034
15371
15709
16047
16384
16722
17059
17397
17735
18072
18410
18748
19086
19423
19761
20098
20437
20774
21112
21449
21787
22125
22462
22800
23138
23475
23813
24151
24488
24826
25164
25501
25839
26177
26514
26852
27190
27527
27865
28203
28540
28878
29216
29553
29891
30229
30566
30904
31242
31579
31917
32254
32592
32930
33268
33605
33943
34281
34618
34956
35294
35631
35969
36307
36644
36982
37320
37657
37995
38333
38670
39008
39346
39683
40021
40359
40696
41034
41372
41709
42047
42385
42722
43060
43398
43736
44073
44411
44748
45086
45424
45761
46099
46437
46774
47112
47450
47787
48125
48462
48800
49138
49476
49813
50151
50489
50826
51164
51502
51839
52177
52515
52852
53190
53527
53865
54203
54541
54878
55216
55554
55891
56229
56567
56904
57242
57580
57917
58255
58593
58930
59268
59606
59943
60281
60619
60957
61294
61632
61969
62307
62645
62982
63320
63658
63995
64333
64671
65008
65346
65684
66021
66359
66697
67034
67372
67710
68047
68385
68723
69061
69398
69736
70073
70411
70749
71086
71424
71762
72099
72437
72775
73113
73450
73788
74125
74463
74801
75138
75476
75814
76152
76489
76827
77164
77502
77840
78177
78515
78853
79190
79528
79866
80203
80541
80879
81216
81554
81892
82229
82567
82905
83243
83580
83918
84255
84593
84931
85269
85606
85944
86281
86619
86957
87294
87632
87970
88306
88625
88958
89293
89629
89967
90304
90636
90975
91314
91647
91972
92290
92628
92960
93481
93819
94157
94495
94833
95172
95510
95847
96187
96524
96862
97202
97539
97873
98410
98749
99084
99422
99897
100235
100574
100912
101250
101588
101926
102264
102602
102937
103274
103611
103945
104283
104622
104958
105298
105639
105974
106314
106651
107136
107474
107812
108152
108491
109018
109354
109841
110183
110521
110859
111196
111539
111895
112218
112565
112904
113233
113571
113911
114251
114588
114928
115272
115604
115946
116282
116613
116946
117281
117617
117956
118293
118633
118973
119304
119652
119989
120314
120656
120990
121326
121854
122341
122860
123197
123544
123874
124363
124700
125048
125388
125720
126058
126396
126740
127072
127408
127749
128085
128418
128751
129088
129429
129765
130105
130444
130899
