774
96
265
433
601
769
938
1105
1274
1442
1610
1778
1946
2114
2282
2451
2619
2787
2955
3123
3291
3459
3627
3796
3964
4132
4300
4468
4636
4804
4972
5140
5308
5477
5645
5813
5981
6149
6317
6485
6653
6821
6990
7158
7326
7494
7662
7830
7998
8166
8334
8502
8671
8839
9007
9175
9343
9511
9679
9847
10015
10183
10351
10520
10688
10856
11024
11192
11360
11528
11697
11865
12033
12201
12369
12537
12705
12873
13042
13210
13378
13546
13714
13882
14050
14218
14387
14555
14723
14891
15059
15227
15395
15564
15732
15900
16068
16236
16404
16572
16740
16909
17077
17245
17413
17581
17749
17917
18085
18253
18422
18590
18758
18926
19094
19262
19430
19598
19767
19935
20103
20271
20439
20607
20775
20943
21112
21280
21448
21616
21784
21952
22120
22288
22456
22625
22793
22961
23129
23297
23465
23633
23801
23970
24138
24306
24474
24642
24810
24978
25146
25314
25483
25651
25819
25987
26155
26323
26491
26660
26828
26996
27164
27332
27500
27668
27836
28005
28173
28341
28509
28677
28845
29013
29181
29349
29518
29686
29854
30022
30190
30358
30526
30694
30862
31031
31199
31367
31535
31703
31871
32039
32207
32376
32544
32712
32880
33048
33216
33384
33553
33720
33889
34057
34225
34393
34561
34729
34898
35066
35233
35402
35570
35738
35906
36074
36242
36410
36579
36747
36915
37083
37251
37419
37587
37755
37923
38092
38260
38428
38596
38764
38932
39100
39268
39436
39605
39773
39941
40109
40277
40445
40613
40782
40950
41118
41286
41454
41622
41790
41959
42127
42295
42463
42631
42799
42967
43135
43303
43472
43640
43808
43976
44144
44312
44481
44648
44817
44985
45153
45321
45489
45657
45825
45993
46162
46330
46498
46666
46834
47002
47170
47338
47507
47675
47843
48011
48179
48347
48515
48683
48851
49020
49188
49356
49524
49692
49860
50028
50196
50364
50533
50701
50869
51037
51205
51373
51542
51710
51878
52046
52214
52382
52550
52718
52886
53055
53223
53391
53559
53727
53895
54063
54231
54400
54568
54736
54904
55072
55240
55408
55576
55744
55913
56081
56249
56417
56585
56753
56921
57089
57257
57426
57594
57762
57930
58098
58266
58434
58602
58771
58939
59107
59275
59443
59611
59779
59947
60116
60284
60452
60620
60788
60956
61124
61293
61461
61629
61797
61965
62133
62301
62469
62638
62806
62974
63142
63310
63478
63647
63815
63982
64151
64319
64487
64655
64823
64991
65159
65328
65495
65664
65832
66000
66168
66336
66505
66673
66841
67009
67177
67345
67513
67681
67849
68018
68186
68354
68522
68690
68858
69026
69195
69363
69531
69699
69867
70035
70203
70371
70540
70708
70875
71044
71212
71380
71548
71716
71884
72052
72221
72389
72557
72725
72893
73061
73230
73398
73566
73734
73902
74070
74238
74406
74575
74743
74911
75079
75247
75415
75583
75751
75920
76088
76256
76424
76592
76760
76928
77096
77264
77432
77600
77769
77937
78105
78273
78441
78609
78777
78946
79114
79282
79450
79618
79786
79954
80123
80291
80459
80627
80795
80963
81131
81299
81467
81636
81804
81972
82140
82308
82476
82645
82813
82980
83149
83317
83485
83653
83821
83990
84157
84326
84494
84662
84830
84998
85167
85335
85502
85671
85839
86007
86175
86343
86512
86679
86848
87016
87184
87352
87520
87689
87856
88024
88193
88360
88529
88698
88867
89036
89204
89373
89543
89712
89879
90049
90219
90389
90556
90726
90898
91066
91237
91403
91575
91745
91915
92078
92243
92413
92578
92741
92906
93074
93244
93411
93578
93747
93914
94077
94248
94428
94624
94792
94978
95149
95322
95496
95673
95841
96014
96176
96342
96509
96678
96841
97008
97175
97343
97511
97679
97850
98011
98187
98356
98519
98693
98857
99025
99187
99356
99523
99694
99861
100032
100198
100369
100536
100709
100880
101049
101213
101379
101552
101716
101883
102050
102220
102389
102554
102726
102891
103059
103225
103389
103552
103717
103888
104050
104220
104385
104553
104716
104890
105054
105221
105387
105554
105723
105889
106060
106228
106395
106563
106730
106907
107077
107248
107416
107585
107751
107925
108094
108263
108438
108601
108770
108945
109108
109273
109452
109614
109784
109949
110117
110287
110454
110620
110791
110960
111131
111298
111462
111634
111802
111973
112141
112309
112479
112647
112817
112979
113146
113317
113491
113658
113822
114006
114180
114346
114517
114678
114864
115037
115204
115366
115540
115704
115881
116059
116245
116407
116594
116761
116927
117089
117253
117429
117590
117756
118061
118280
118446
118615
118785
118949
119124
119295
119456
119619
119797
119963
120131
120299
120469
120640
120810
120977
121142
121307
121478
121647
121809
121971
122150
122315
122481
122646
122818
122982
123156
123323
123484
123657
123830
123995
124167
124337
124499
124662
124838
125010
125172
125343
125508
125679
125855
126019
126187
126361
126529
126700
126864
127026
127203
127366
127539
127719
127890
128058
128237
128411
128578
128758
128923
129085
129252
129423
129592
129884
130077
130269
130438
130783
