1505
52
135
217
303
387
472
556
641
726
809
895
978
1063
1147
1231
1316
1399
1485
1568
1653
1737
1821
1906
1990
2075
2159
2243
2328
2411
2497
2580
2665
2749
2833
2918
3002
3087
3171
3255
3339
3423
3508
3592
3677
3761
3845
3930
4013
4098
4182
4266
4351
4435
4520
4604
4688
4773
4856
4941
5025
5110
5194
5278
5363
5447
5532
5615
5700
5784
5869
5953
6037
6122
6206
6290
6375
6459
6544
6627
6712
6796
6881
6965
7049
7134
7218
7302
7387
7471
7555
7639
7724
7808
7892
7977
8061
8146
8229
8314
8398
8482
8567
8651
8736
8820
8904
8989
9072
9157
9241
9326
9410
9494
9579
9663
9747
9831
9916
10000
10084
10169
10253
10338
10422
10506
10591
10675
10759
10843
10928
11012
11096
11181
11265
11350
11434
11518
11602
11687
11771
11855
11940
12024
12108
12193
12277
12361
12446
12530
12614
12698
12783
12867
12952
13036
13120
13205
13289
13373
13457
13542
13626
13710
13795
13879
13963
14048
14132
14216
14301
14385
14469
14554
14638
14722
14807
14891
14975
15059
15144
15228
15312
15397
15481
15566
15650
15734
15819
15903
15987
16071
16156
16240
16324
16409
16493
16577
16662
16746
16830
16914
16999
17083
17168
17252
17336
17421
17505
17589
17674
17758
17842
17926
18011
18095
18180
18264
18348
18433
18517
18601
18685
18770
18854
18938
19023
19107
19191
19276
19360
19444
19529
19613
19697
19782
19866
19950
20035
20119
20203
20287
20372
20456
20540
20625
20709
20793
20878
20962
21046
21131
21215
21299
21384
21468
21552
21637
21721
21805
21890
21974
22058
22142
22227
22311
22395
22480
22564
22648
22733
22817
22901
22986
23070
23154
23239
23323
23407
23492
23576
23660
23744
23829
23913
23998
24082
24166
24250
24335
24419
24503
24588
24672
24756
24841
24925
25009
25094
25178
25262
25347
25431
25515
25600
25684
25768
25853
25937
26021
26106
26190
26274
26358
26443
26527
26611
26696
26780
26865
26949
27033
27117
27202
27286
27370
27455
27539
27623
27708
27792
27876
27961
28045
28129
28214
28298
28382
28467
28551
28635
28720
28804
28888
28973
29057
29141
29225
29310
29394
29478
29563
29647
29731
29816
29900
29984
30069
30153
30237
30322
30406
30490
30575
30659
30743
30828
30912
30996
31081
31165
31249
31334
31418
31502
31586
31671
31755
31839
31924
32008
32092
32177
32261
32345
32430
32514
32598
32683
32767
32851
32936
33020
33104
33189
33273
33357
33442
33526
33610
33695
33779
33863
33948
34032
34116
34201
34285
34369
34453
34538
34622
34706
34791
34875
34959
35044
35128
35212
35297
35381
35465
35550
35634
35718
35803
35887
35971
36056
36140
36224
36309
36393
36477
36561
36646
36730
36814
36899
36983
37067
37152
37236
37320
37405
37489
37573
37658
37742
37826
37911
37995
38079
38164
38248
38332
38417
38501
38585
38670
38754
38838
38922
39007
39091
39175
39260
39344
39428
39513
39597
39681
39766
39850
39934
40019
40103
40187
40272
40356
40440
40525
40609
40693
40778
40862
40946
41030
41115
41199
41283
41368
41452
41536
41621
41705
41789
41874
41958
42042
42127
42211
42295
42380
42464
42548
42633
42717
42801
42886
42970
43054
43139
43223
43307
43392
43476
43560
43644
43729
43813
43898
43982
44066
44150
44235
44319
44403
44488
44572
44656
44741
44825
44909
44994
45078
45162
45247
45331
45415
45500
45584
45668
45752
45837
45921
46005
46090
46174
46258
46343
46427
46511
46596
46680
46764
46849
46933
47017
47102
47186
47270
47355
47439
47523
47608
47692
47776
47861
47945
48029
48114
48198
48282
48366
48451
48535
48619
48704
48788
48872
48957
49041
49125
49210
49294
49378
49463
49547
49631
49716
49800
49884
49969
50053
50137
50222
50306
50390
50474
50559
50643
50728
50812
50896
50980
51065
51149
51234
51318
51402
51486
51571
51655
51739
51824
51908
51992
52077
52161
52245
52330
52414
52498
52583
52667
52751
52836
52920
53004
53088
53173
53257
53341
53426
53510
53595
53679
53763
53847
53932
54016
54100
54185
54269
54353
54438
54522
54606
54691
54775
54859
54944
55028
55112
55197
55281
55365
55450
55534
55618
55703
55787
55871
55956
56040
56124
56208
56293
56377
56461
56546
56630
56714
56799
56883
56967
57052
57136
57220
57305
57389
57473
57558
57642
57726
57811
57895
57979
58064
58148
58232
58317
58401
58485
58569
58654
58738
58822
58907
58991
59075
59160
59244
59328
59413
59497
59581
59666
59750
59834
59919
60003
60087
60171
60256
60340
60424
60509
60593
60678
60762
60846
60930
61015
61099
61183
61268
61352
61436
61521
61605
61689
61774
61858
61942
62027
62111
62195
62280
62364
62448
62533
62617
62701
62786
62870
62954
63038
63123
63207
63292
63376
63460
63544
63629
63713
63797
63882
63966
64050
64135
64219
64303
64388
64472
64556
64641
64725
64809
64894
64978
65062
65147
65231
65315
65400
65484
65568
65652
65737
65821
65905
65990
66074
66158
66243
66327
66412
66496
66580
66664
66749
66833
66917
67002
67086
67170
67255
67339
67423
67508
67592
67676
67760
67845
67929
68013
68098
68182
68266
68351
68435
68520
68604
68688
68772
68857
68941
69025
69110
69194
69278
69363
69447
69531
69615
69700
69784
69869
69953
70037
70122
70206
70290
70374
70459
70543
70628
70712
70796
70880
70965
71049
71133
71218
71302
71386
71471
71555
71639
71724
71808
71892
71977
72061
72145
72229
72314
72398
72483
72567
72651
72736
72820
72904
72988
73073
73157
73242
73326
73410
73494
73579
73663
73747
73832
73916
74000
74085
74169
74253
74338
74422
74506
74591
74675
74759
74844
74928
75012
75097
75181
75265
75349
75434
75518
75602
75687
75771
75855
75940
76024
76108
76193
76277
76361
76446
76530
76614
76699
76783
76867
76952
77036
77120
77205
77289
77373
77457
77542
77626
77710
77795
77879
77964
78048
78132
78216
78301
78385
78469
78554
78638
78722
78807
78891
78975
79060
79144
79228
79313
79397
79481
79565
79650
79734
79819
79903
79987
80072
80156
80240
80324
80409
80493
80578
80662
80746
80830
80915
80999
81083
81168
81252
81336
81421
81505
81589
81674
81758
81842
81927
82011
82095
82179
82264
82348
82432
82517
82601
82686
82770
82854
82938
83023
83107
83192
83276
83360
83444
83528
83613
83697
83782
83866
83950
84035
84119
84203
84287
84372
84456
84541
84625
84709
84793
84878
84962
85047
85131
85215
85299
85384
85468
85552
85637
85721
85805
85890
85974
86058
86143
86227
86311
86396
86480
86564
86649
86733
86817
86902
86986
87070
87155
87239
87323
87408
87492
87576
87661
87745
87829
87913
87998
88082
88166
88250
88334
88419
88502
88587
88671
88754
88840
88922
89084
89172
89335
89422
89504
89588
89674
89756
89842
89926
90010
90094
90180
90264
90348
90433
90593
90685
90767
90855
91015
91106
91194
91277
91444
91527
91610
91696
91778
91860
91947
92035
92117
92199
92287
92372
92456
92538
92627
92789
92878
92960
93049
93131
93220
93302
93390
93473
93559
93721
93810
93892
93979
94061
94144
94229
94311
94398
94480
94562
94649
94732
94815
94901
94984
95071
95154
95240
95322
95405
95491
95574
95661
95743
95832
96002
96084
96167
96254
96336
96506
96593
96675
96765
96847
96930
97017
97100
97185
97268
97355
97438
97527
97610
97697
97779
97866
97949
98035
98119
98201
98287
98370
98455
98538
98622
98708
98791
98877
98961
99048
99130
99212
99298
99381
99468
99550
99634
99719
99802
99888
99970
100056
100139
100223
100306
100391
100473
100558
100641
100724
100811
100896
100980
101063
101145
101314
101401
101483
101568
101654
101742
101828
101992
102077
102161
102245
102330
102415
102497
102585
102669
102755
102839
102922
103007
103092
103177
103262
103347
103434
103516
103601
103686
103771
103857
103939
104022
104105
104187
104269
104353
104442
104526
104609
104693
104779
104864
104946
105029
105113
105196
105279
105362
105447
105530
105616
105780
105865
105947
106029
106118
106200
106283
106368
106450
106533
106615
106701
106784
106869
106952
107036
107120
107202
107293
107380
107463
107545
107631
107713
107803
107885
107970
108057
108156
108253
108337
108426
108555
108648
108732
108817
108904
108996
109088
109170
109260
109347
109430
109514
109602
109685
109767
109852
109942
110104
110196
110279
110361
110443
110531
110619
110701
110789
110872
110955
111042
111207
111290
111373
111455
111541
111626
111709
111796
111878
111963
112046
112130
112213
112296
112461
112546
112633
112716
112878
112967
113052
113134
113294
113383
113471
113555
113638
113721
113807
113895
113979
114065
114148
114232
114319
114401
114485
114568
114654
114740
114903
114996
115158
115242
115335
115497
115587
115669
115754
115838
115925
116009
116166
116250
116333
116422
116511
116667
116764
116919
117003
117093
117256
117338
117424
117506
117589
117686
117768
117854
117936
118020
118103
118185
118271
118354
118447
118532
118616
118702
118786
118868
118952
119034
119118
119207
119289
119449
119540
119626
119712
119797
119879
119965
120055
120137
120220
120308
120393
120476
120561
120645
120728
120811
120893
120980
121062
121148
121236
121320
121402
121494
121651
121734
121826
121985
122140
122225
122380
122472
122556
122640
122722
122814
122905
122994
123088
123170
123252
123342
123482
123588
123735
123818
123903
123991
124155
124311
124406
124489
124577
124664
124746
124829
124914
124996
125159
125255
125337
125421
125506
125588
125675
125759
125842
125927
126010
126099
126186
126269
126356
126519
126611
126698
126785
126876
126966
127127
127217
127301
127384
127542
127706
127801
127889
127981
128133
128215
128300
128389
128554
128637
128730
128812
128902
128985
129145
129228
129332
129495
129589
129753
129837
129929
130088
130176
130335
130495
130605
130734
130850
130933
