3114
31
70
116
157
201
241
283
326
367
410
453
495
537
579
620
662
705
747
789
831
873
914
957
999
1040
1083
1125
1167
1209
1251
1292
1335
1377
1419
1461
1503
1545
1587
1629
1671
1713
1755
1798
1839
1881
1923
1965
2007
2050
2092
2133
2176
2217
2259
2302
2344
2386
2428
2470
2512
2554
2596
2638
2680
2722
2764
2806
2848
2890
2932
2974
3016
3058
3100
3142
3184
3226
3268
3310
3352
3394
3436
3478
3520
3562
3604
3646
3688
3730
3772
3814
3857
3899
3941
3983
4025
4067
4109
4151
4193
4235
4277
4319
4361
4403
4445
4487
4529
4571
4613
4655
4697
4739
4781
4823
4865
4907
4949
4991
5033
5075
5117
5159
5201
5243
5285
5327
5369
5411
5453
5496
5538
5580
5622
5664
5706
5748
5790
5832
5874
5916
5958
6000
6042
6084
6126
6168
6210
6252
6294
6336
6378
6420
6462
6504
6546
6588
6630
6672
6714
6756
6798
6840
6882
6924
6966
7008
7050
7092
7134
7176
7218
7260
7302
7344
7387
7429
7471
7513
7555
7597
7639
7681
7723
7765
7807
7849
7891
7933
7975
8017
8059
8101
8143
8185
8227
8269
8311
8353
8395
8437
8479
8521
8563
8605
8647
8689
8731
8773
8815
8857
8899
8941
8983
9025
9067
9109
9151
9194
9236
9278
9320
9362
9404
9446
9488
9530
9572
9614
9656
9698
9740
9782
9824
9866
9908
9950
9992
10034
10076
10118
10160
10202
10244
10286
10328
10370
10412
10454
10496
10538
10580
10622
10664
10706
10748
10790
10832
10874
10917
10959
11001
11043
11085
11127
11169
11211
11253
11295
11337
11379
11421
11463
11505
11547
11589
11631
11673
11715
11757
11799
11841
11883
11925
11967
12009
12051
12093
12135
12177
12219
12261
12303
12345
12387
12430
12472
12514
12556
12598
12640
12682
12724
12766
12808
12850
12892
12934
12976
13018
13060
13102
13144
13186
13228
13270
13312
13354
13396
13438
13480
13522
13564
13606
13648
13690
13732
13774
13816
13858
13900
13942
13984
14026
14068
14110
14152
14194
14237
14279
14321
14363
14405
14447
14489
14531
14573
14615
14657
14699
14741
14783
14825
14867
14909
14951
14993
15035
15077
15119
15161
15203
15245
15287
15329
15371
15413
15455
15497
15539
15581
15623
15665
15707
15749
15791
15833
15875
15918
15960
16002
16044
16086
16128
16170
16212
16254
16296
16338
16380
16422
16464
16506
16548
16590
16632
16674
16716
16758
16800
16842
16884
16926
16968
17010
17052
17094
17136
17178
17220
17262
17304
17346
17388
17430
17472
17514
17556
17598
17640
17683
17725
17767
17809
17851
17893
17935
17977
18019
18061
18103
18145
18187
18229
18271
18313
18355
18397
18439
18481
18523
18565
18607
18649
18691
18733
18775
18817
18859
18901
18943
18985
19027
19069
19111
19153
19196
19238
19280
19322
19364
19406
19448
19490
19532
19574
19616
19658
19700
19742
19784
19826
19868
19910
19952
19994
20036
20078
20120
20162
20204
20246
20288
20330
20372
20414
20456
20498
20540
20582
20624
20666
20708
20750
20792
20834
20876
20918
20961
21003
21045
21087
21129
21171
21213
21255
21297
21339
21381
21423
21465
21507
21549
21591
21633
21675
21717
21759
21801
21843
21885
21927
21969
22011
22053
22095
22137
22179
22221
22263
22305
22347
22389
22431
22473
22515
22557
22599
22641
22684
22726
22768
22810
22852
22894
22936
22978
23020
23062
23104
23146
23188
23230
23272
23314
23356
23398
23440
23482
23524
23566
23608
23650
23692
23734
23776
23818
23860
23902
23944
23986
24028
24070
24112
24154
24196
24238
24280
24322
24364
24406
24448
24491
24533
24575
24617
24659
24701
24743
24785
24827
24869
24911
24953
24995
25037
25079
25121
25163
25205
25247
25289
25331
25373
25415
25457
25499
25541
25583
25625
25667
25709
25751
25793
25835
25877
25919
25961
26003
26045
26087
26129
26172
26214
26256
26298
26340
26382
26424
26466
26508
26550
26592
26634
26676
26718
26760
26802
26844
26886
26928
26970
27012
27054
27096
27138
27180
27222
27264
27306
27348
27390
27432
27474
27516
27558
27600
27642
27684
27726
27768
27810
27852
27894
27937
27979
28021
28063
28105
28147
28189
28231
28273
28315
28357
28399
28441
28483
28525
28567
28609
28651
28693
28735
28777
28819
28861
28903
28945
28987
29029
29071
29113
29155
29197
29239
29281
29323
29365
29407
29449
29491
29534
29576
29618
29660
29702
29744
29786
29828
29870
29912
29954
29996
30038
30080
30122
30164
30206
30248
30290
30332
30374
30416
30458
30500
30542
30584
30626
30668
30710
30752
30794
30836
30878
30920
30962
31004
31046
31088
31130
31172
31214
31257
31299
31341
31383
31425
31467
31509
31551
31593
31635
31677
31719
31761
31803
31845
31887
31929
31971
32013
32055
32097
32139
32181
32223
32265
32307
32349
32391
32433
32475
32517
32559
32601
32643
32685
32727
32769
32811
32853
32895
32937
32980
33022
33064
33106
33148
33190
33232
33274
33316
33358
33400
33442
33484
33526
33568
33610
33652
33694
33736
33778
33820
33862
33904
33946
33988
34030
34072
34114
34156
34198
34240
34282
34324
34366
34408
34450
34492
34534
34576
34618
34660
34703
34745
34787
34829
34871
34913
34955
34997
35039
35081
35123
35165
35207
35249
35291
35333
35375
35417
35459
35501
35543
35585
35627
35669
35711
35753
35795
35837
35879
35921
35963
36005
36047
36089
36131
36173
36215
36257
36300
36342
36384
36426
36468
36510
36552
36594
36636
36678
36720
36762
36804
36846
36888
36930
36972
37014
37056
37098
37140
37182
37224
37266
37308
37350
37392
37434
37476
37518
37560
37602
37644
37686
37728
37770
37812
37854
37896
37938
37981
38022
38065
38107
38149
38191
38233
38275
38317
38359
38401
38443
38485
38527
38569
38611
38653
38695
38737
38779
38821
38863
38905
38947
38989
39031
39073
39115
39157
39199
39241
39283
39325
39367
39409
39451
39493
39535
39577
39619
39661
39703
39745
39787
39830
39872
39914
39956
39998
40040
40082
40124
40166
40208
40250
40292
40334
40376
40418
40460
40502
40544
40586
40628
40670
40712
40754
40796
40838
40880
40922
40964
41006
41048
41090
41132
41174
41216
41258
41300
41342
41384
41426
41468
41510
41552
41595
41637
41679
41721
41763
41805
41847
41889
41931
41973
42015
42057
42099
42141
42183
42225
42267
42309
42351
42393
42435
42477
42519
42561
42603
42645
42687
42729
42771
42813
42855
42897
42939
42981
43023
43065
43107
43149
43191
43234
43275
43318
43360
43402
43444
43486
43528
43570
43612
43654
43696
43738
43780
43822
43864
43906
43948
43990
44032
44074
44116
44158
44200
44242
44284
44326
44368
44410
44452
44494
44536
44578
44620
44662
44704
44746
44788
44830
44872
44914
44956
44998
45040
45083
45125
45167
45209
45251
45293
45335
45377
45419
45461
45503
45545
45587
45629
45671
45713
45755
45797
45839
45881
45923
45965
46007
46049
46091
46133
46175
46217
46259
46301
46343
46385
46427
46469
46511
46553
46595
46637
46679
46721
46764
46806
46848
46890
46932
46974
47016
47058
47100
47142
47184
47226
47268
47310
47352
47394
47436
47478
47520
47562
47604
47646
47688
47730
47772
47814
47856
47898
47940
47982
48024
48066
48108
48150
48192
48234
48276
48318
48360
48402
48444
48486
48529
48571
48613
48655
48697
48739
48781
48823
48865
48907
48949
48991
49033
49075
49117
49159
49201
49243
49285
49327
49369
49411
49453
49495
49537
49579
49621
49663
49705
49747
49789
49831
49873
49915
49957
49999
50041
50083
50126
50168
50210
50252
50294
50336
50378
50420
50462
50504
50546
50588
50630
50672
50714
50756
50798
50840
50882
50924
50966
51008
51050
51092
51134
51176
51218
51260
51302
51344
51386
51428
51470
51512
51554
51596
51638
51680
51722
51764
51807
51849
51891
51933
51975
52017
52059
52101
52143
52185
52227
52269
52311
52353
52395
52437
52479
52521
52563
52605
52647
52689
52731
52773
52815
52857
52899
52941
52983
53025
53067
53109
53151
53193
53235
53277
53319
53361
53403
53445
53488
53530
53572
53614
53656
53698
53740
53782
53824
53866
53908
53950
53992
54034
54076
54118
54160
54202
54244
54286
54328
54370
54412
54454
54496
54538
54580
54622
54664
54706
54748
54790
54832
54874
54916
54958
55000
55042
55084
55127
55169
55211
55253
55295
55337
55379
55421
55463
55505
55547
55589
55631
55673
55715
55757
55799
55841
55883
55925
55967
56009
56051
56093
56135
56177
56219
56261
56303
56345
56387
56429
56471
56513
56555
56597
56639
56681
56723
56766
56807
56850
56891
56934
56976
57018
57060
57102
57144
57186
57228
57270
57312
57354
57396
57438
57480
57522
57564
57606
57648
57690
57732
57774
57816
57858
57900
57942
57984
58026
58068
58110
58152
58194
58236
58278
58320
58362
58404
58446
58489
58531
58573
58615
58657
58699
58741
58783
58825
58867
58909
58951
58993
59035
59077
59119
59161
59203
59245
59287
59329
59371
59413
59455
59497
59539
59581
59623
59665
59707
59749
59791
59833
59875
59917
59959
60001
60043
60086
60127
60170
60212
60254
60295
60338
60380
60422
60464
60506
60548
60590
60632
60674
60716
60758
60800
60842
60884
60926
60968
61010
61052
61094
61136
61178
61220
61262
61304
61346
61388
61430
61472
61514
61556
61598
61640
61682
61724
61766
61808
61851
61892
61935
61977
62019
62061
62103
62145
62187
62229
62271
62313
62355
62397
62439
62481
62523
62565
62607
62649
62691
62733
62775
62817
62859
62901
62943
62985
63027
63069
63111
63153
63195
63237
63279
63321
63363
63405
63447
63490
63531
63574
63616
63657
63700
63742
63784
63826
63868
63910
63952
63994
64036
64078
64120
64162
64204
64246
64288
64330
64372
64414
64456
64498
64540
64582
64624
64666
64708
64750
64792
64834
64876
64918
64960
65002
65044
65086
65128
65170
65213
65255
65296
65339
65380
65423
65465
65507
65549
65591
65633
65675
65717
65759
65801
65843
65885
65927
65969
66011
66053
66095
66137
66179
66221
66263
66305
66347
66389
66431
66473
66515
66557
66599
66641
66683
66725
66767
66809
66851
66893
66935
66978
67019
67062
67104
67146
67187
67230
67272
67314
67356
67398
67440
67482
67524
67566
67608
67650
67692
67734
67776
67818
67860
67902
67944
67986
68028
68070
68112
68154
68196
68238
68280
68322
68364
68406
68448
68490
68532
68575
68616
68659
68701
68743
68785
68827
68869
68911
68953
68995
69037
69079
69121
69163
69205
69247
69289
69331
69373
69415
69457
69499
69541
69583
69625
69667
69709
69751
69793
69835
69877
69919
69961
70003
70045
70087
70129
70171
70214
70255
70297
70339
70382
70423
70466
70507
70550
70592
70634
70676
70718
70760
70802
70844
70886
70928
70970
71012
71054
71096
71138
71180
71222
71264
71306
71348
71390
71432
71474
71516
71558
71600
71642
71684
71726
71768
71810
71852
71894
71936
71979
72020
72062
72104
72147
72189
72231
72273
72315
72357
72399
72441
72483
72525
72567
72609
72651
72693
72735
72777
72819
72861
72903
72945
72987
73029
73071
73113
73155
73197
73239
73281
73323
73365
73407
73449
73491
73533
73575
73617
73659
73701
73744
73785
73827
73870
73911
73954
73996
74038
74080
74122
74164
74206
74248
74290
74332
74374
74416
74458
74500
74542
74584
74626
74668
74710
74752
74794
74836
74878
74920
74962
75004
75046
75088
75130
75172
75214
75256
75298
75340
75382
75425
75466
75509
75551
75593
75635
75677
75719
75761
75803
75845
75887
75929
75971
76013
76055
76097
76139
76181
76223
76265
76307
76349
76391
76433
76475
76517
76559
76601
76643
76685
76727
76769
76811
76853
76895
76937
76979
77021
77063
77105
77147
77190
77232
77274
77316
77358
77400
77442
77484
77526
77568
77610
77652
77694
77736
77778
77820
77862
77904
77946
77988
78030
78072
78114
78156
78198
78240
78282
78324
78366
78408
78450
78492
78534
78576
78618
78660
78703
78745
78787
78828
78870
78913
78954
78997
79039
79081
79123
79165
79207
79249
79291
79333
79375
79417
79459
79501
79543
79585
79627
79669
79711
79753
79795
79837
79879
79921
79963
80006
80047
80089
80131
80173
80215
80257
80299
80341
80383
80425
80467
80510
80551
80594
80636
80678
80719
80762
80804
80846
80888
80930
80972
81014
81056
81098
81140
81182
81224
81266
81308
81350
81392
81434
81476
81518
81560
81602
81644
81686
81728
81770
81812
81854
81896
81938
81980
82022
82064
82106
82149
82191
82232
82275
82317
82359
82401
82443
82485
82527
82569
82611
82653
82695
82737
82779
82821
82863
82905
82947
82989
83031
83073
83115
83157
83199
83241
83283
83325
83367
83409
83451
83493
83535
83577
83619
83661
83703
83745
83787
83830
83871
83913
83956
83998
84039
84082
84124
84166
84208
84250
84292
84334
84376
84418
84460
84502
84544
84586
84628
84670
84712
84754
84796
84838
84880
84922
84964
85006
85048
85090
85132
85174
85216
85258
85300
85342
85384
85426
85468
85510
85552
85594
85637
85679
85720
85763
85805
85847
85889
85931
85973
86015
86057
86099
86141
86183
86225
86267
86309
86351
86393
86435
86477
86519
86561
86603
86645
86687
86729
86771
86813
86855
86897
86939
86981
87023
87065
87107
87149
87191
87233
87275
87318
87360
87402
87444
87485
87528
87570
87612
87654
87696
87738
87780
87822
87864
87906
87948
87990
88032
88074
88116
88158
88200
88242
88284
88326
88368
88410
88452
88494
88536
88578
88620
88662
88705
88747
88788
88830
88872
88915
88957
88999
89040
89083
89126
89167
89205
89251
89293
89331
89373
89415
89457
89499
89541
89582
89625
89666
89708
89750
89792
89834
89876
89918
89955
89997
90038
90081
90123
90166
90208
90247
90285
90327
90369
90412
90457
90500
90542
90579
90625
90667
90710
90752
90795
90837
90878
90918
90962
91004
91047
91085
91130
91173
91214
91255
91298
91341
91381
91426
91466
91504
91548
91589
91633
91677
91716
91757
91803
91842
91886
91927
91969
92011
92053
92096
92138
92179
92224
92264
92306
92351
92391
92434
92476
92516
92558
92600
92644
92685
92730
92770
92812
92854
92896
92937
92980
93023
93065
93106
93150
93192
93233
93275
93317
93359
93401
93444
93486
93528
93571
93613
93654
93696
93739
93781
93822
93864
93905
93947
93988
94030
94074
94114
94157
94198
94242
94281
94323
94368
94409
94451
94493
94535
94576
94618
94662
94703
94747
94786
94830
94871
94912
94956
95001
95041
95083
95125
95165
95209
95250
95295
95336
95377
95421
95462
95502
95548
95591
95633
95674
95716
95760
95801
95843
95885
95927
95968
96012
96053
96096
96139
96179
96221
96263
96306
96350
96391
96433
96474
96519
96560
96603
96644
96688
96729
96773
96815
96858
96897
96942
96985
97025
97066
97110
97152
97194
97235
97277
97320
97361
97405
97444
97488
97530
97572
97614
97656
97697
97739
97782
97824
97865
97907
97949
97992
98033
98075
98119
98160
98201
98243
98285
98327
98369
98413
98455
98495
98537
98580
98623
98664
98707
98750
98791
98834
98876
98916
98960
99001
99044
99086
99127
99169
99212
99252
99296
99337
99380
99423
99464
99505
99548
99589
99631
99673
99716
99757
99798
99840
99884
99924
99967
100009
100051
100093
100134
100176
100219
100261
100303
100346
100387
100428
100471
100512
100555
100597
100638
100681
100723
100765
100806
100849
100890
100932
100974
101016
101058
101101
101143
101184
101226
101270
101312
101353
101395
101437
101479
101521
101563
101606
101648
101690
101732
101773
101815
101858
101900
101943
101984
102026
102069
102111
102152
102196
102237
102279
102320
102362
102403
102445
102488
102530
102574
102615
102656
102698
102740
102784
102824
102866
102908
102950
102992
103034
103076
103119
103161
103202
103244
103286
103329
103372
103412
103454
103496
103538
103580
103622
103664
103707
103748
103789
103833
103874
103916
103958
104002
104042
104084
104127
104169
104209
104253
104295
104336
104380
104422
104463
104506
104547
104589
104632
104672
104715
104758
104799
104842
104883
104925
104967
105008
105054
105094
105136
105178
105219
105263
105303
105347
105389
105430
105472
105514
105556
105600
105640
105682
105723
105765
105810
105850
105892
105934
105977
106018
106061
106102
106146
106186
106228
106270
106314
106353
106396
106439
106480
106523
106565
106606
106649
106690
106734
106776
106817
106858
106901
106943
106985
107027
107069
107110
107153
107194
107236
107278
107322
107361
107404
107447
107488
107530
107572
107613
107657
107699
107739
107783
107824
107866
107908
107950
107994
108035
108077
108118
108161
108202
108246
108287
108329
108371
108412
108454
108496
108538
108580
108621
108663
108706
108749
108791
108832
108873
108917
108957
109000
109042
109083
109127
109168
109210
109254
109295
109338
109379
109419
109462
109506
109546
109587
109632
109672
109716
109757
109799
109840
109883
109926
109967
110009
110051
110094
110136
110177
110218
110262
110304
110345
110387
110429
110471
110513
110554
110596
110639
110680
110723
110767
110807
110847
110891
110935
110975
111017
111059
111100
111142
111186
111227
111270
111312
111354
111396
111436
111481
111523
111564
111607
111648
111692
111733
111775
111817
111861
111902
111942
111985
112028
112070
112113
112154
112196
112237
112279
112322
112364
112406
112449
112490
112532
112574
112615
112656
112700
112742
112783
112827
112869
112909
112953
112994
113036
113078
113120
113163
113204
113246
113288
113332
113371
113414
113454
113498
113539
113584
113625
113667
113710
113750
113791
113836
113877
113919
113959
114002
114047
114088
114130
114171
114213
114256
114298
114339
114382
114424
114464
114508
114549
114594
114633
114672
114717
114758
114801
114843
114888
114927
114970
115010
115052
115094
115139
115177
115222
115263
115305
115348
115392
115431
115472
115517
115558
115599
115640
115685
115725
115767
115812
115851
115893
115937
115979
116021
116063
116105
116148
116187
116231
116273
116313
116355
116400
116441
116484
116524
116567
116608
116652
116694
116735
116777
116821
116862
116903
116945
116986
117028
117073
117113
117155
117197
117239
117280
117323
117362
117409
117451
117490
117532
117577
117618
117659
117701
117743
117787
117828
117867
117910
117954
117994
118035
118078
118120
118162
118204
118246
118288
118328
118373
118416
118455
118496
118542
118585
118626
118668
118710
118752
118791
118833
118877
118919
118961
119001
119042
119086
119130
119171
119211
119253
119296
119340
119382
119422
119464
119507
119550
119592
119631
119676
119720
119757
119803
119845
119885
119929
119973
120012
120055
120098
120136
120181
120224
120265
120305
120351
120390
120434
120476
120517
120560
120602
120642
120684
120729
120769
120810
120853
120895
120938
120979
121019
121064
121105
121149
121189
121230
121273
121314
121356
121398
121441
121483
121525
121567
121611
121649
121691
121734
121779
121821
121860
121901
121944
121986
122031
122074
122115
122157
122197
122239
122283
122325
122364
122408
122450
122490
122535
122576
122617
122658
122701
122746
122787
122828
122869
122914
122955
122997
123037
123081
123124
123166
123205
123248
123290
123334
123375
123416
123459
123498
123544
123582
123628
123666
123712
123750
123795
123836
123878
123920
123960
124003
124046
124086
124132
124175
124215
124253
124299
124340
124383
124425
124466
124508
124549
124591
124633
124675
124717
124760
124800
124846
124887
124926
124969
125014
125054
125098
125142
125179
125224
125265
125307
125346
125389
125430
125474
125518
125564
125602
125644
125682
125725
125772
125810
125854
125897
125936
125979
126022
126068
126105
126146
126190
126230
126273
126316
126357
126402
126442
126483
126522
126567
126613
126650
126693
126737
126780
126820
126859
126904
126944
126988
127030
127070
127114
127154
127198
127240
127284
127324
127368
127407
127450
127492
127533
127574
127620
127659
127700
127745
127789
127826
127872
127909
127957
127998
128036
128082
128125
128166
128209
128253
128292
128336
128374
128419
128458
128502
128548
128588
128628
128675
128714
128753
128798
128839
128885
128923
128970
129007
129048
129094
129136
129173
129217
129256
129306
129343
129382
129431
129470
129512
129554
129594
129634
129685
129727
129765
129810
129851
129889
129933
129973
130014
130059
130104
130146
130186
130225
130268
130311
130350
130393
130434
130481
130525
130577
130618
130657
130705
130742
130781
130842
130879
