146
86
649
1320
1993
2668
3343
4016
4691
5365
6041
6717
7412
8082
9006
9679
10352
11024
11697
12371
13044
13719
14393
15067
15741
16416
17091
17766
18441
19117
19794
20470
21146
21822
22498
23174
23849
24525
25200
25874
26548
27221
27894
28567
29240
29915
30591
31269
31944
32616
33288
33961
34633
35305
35978
36650
37357
38032
38706
39380
40054
40728
41403
42076
42752
43428
44104
44779
45455
46129
46802
47475
48147
48820
49495
50175
50857
51530
52202
52875
53548
54222
55154
55828
56503
57213
57886
58560
59233
59907
60582
61256
61932
62607
63281
63954
64629
65302
65975
66649
67321
67985
68657
69357
70034
70709
71384
72055
72726
73397
74067
74740
75414
76090
76767
77447
78124
78798
79473
80147
80821
81496
82171
82845
83520
84195
84870
85544
86219
86894
87570
88246
88971
89895
90963
91640
92648
93240
93989
94589
95178
96150
96870
97547
98144
99279
100345
