297
181
558
895
1233
1572
1912
2251
2588
2926
3263
3601
3938
4275
4613
4950
5287
5623
5960
6297
6634
6970
7307
7644
7982
8319
8657
8994
9331
9668
10005
10342
10679
11015
11352
11688
12023
12357
12693
13029
13366
13703
14040
14378
14716
15053
15391
15729
16066
16404
16742
17079
17416
17754
18091
18428
18748
19085
19422
19759
20096
20433
20770
21107
21444
21782
22120
22464
22802
23140
23477
23814
24151
24488
24825
25162
25499
25836
26173
26511
26847
27184
27521
27858
28195
28532
28869
29207
29544
29882
30218
30555
30893
31219
31556
31893
32231
32569
32918
33255
33591
33928
34264
34601
34938
35275
35612
35949
36286
36623
36960
37297
37634
37971
38308
38645
38982
39320
39658
39995
40333
40671
41008
41346
41684
42023
42361
42699
43037
43374
43711
44048
44386
44723
45060
45397
45734
46072
46409
46746
47083
47430
47768
48106
48444
48781
49118
49456
49793
50130
50467
50805
51142
51479
51816
52152
52489
52826
53163
53500
53837
54193
54530
54867
55204
55541
55878
56215
56552
56888
57225
57562
57899
58236
58573
58910
59248
59585
59922
60258
60595
60932
61268
61605
61941
62299
62636
62972
63308
63645
63982
64319
64656
64993
65330
65667
66005
66342
66679
67016
67353
67691
68028
68367
68705
69043
69381
69719
70057
70395
70733
71070
71407
71743
72080
72416
72751
73087
73423
73780
74116
74453
74790
75128
75425
75762
76099
76457
76794
77130
77467
77784
78122
78458
78795
79132
79469
79804
80139
80474
80811
81148
81485
81823
82179
82516
82854
83192
83530
83867
84205
84524
84862
85199
85536
85873
86211
86548
86885
87222
87581
87918
88255
88784
89138
89648
89991
90348
90655
90960
91298
91757
92095
92431
92767
93104
93441
93779
94115
94453
94852
95211
95548
95886
96222
96558
96896
97233
97570
97907
98245
98601
98902
99197
99504
100065
100403
100741
