590
24
191
362
532
701
870
1039
1208
1377
1546
1741
1910
2079
2247
2416
2585
2754
2922
3091
3260
3428
3597
3910
4079
4249
4418
4587
4756
4926
5095
5264
5434
5603
5772
5942
6112
6281
6450
6619
6789
6958
7126
7295
7463
7632
7801
7970
8138
8307
8475
8644
8812
8980
9149
9317
9486
9654
9823
9991
10160
10329
10498
10667
10836
11004
11172
11341
11509
11677
11847
12015
12186
12355
12523
12691
12859
13027
13195
13363
13531
13699
13867
14035
14204
14378
14547
14715
14883
15050
15219
15386
15552
15720
15887
16055
16223
16391
16559
16876
17044
17213
17381
17550
17719
17887
18056
18225
18393
18562
18731
18900
19069
19237
19405
19574
19743
19912
20080
20249
20418
20587
20756
20925
21094
21262
21430
21598
21766
21935
22103
22271
22439
22608
22784
22952
23120
23283
23451
23620
23788
23957
24125
24293
24461
24630
24799
24967
25135
25304
25473
25642
25811
25980
26149
26317
26480
26648
26817
26985
27154
27323
27492
27660
27829
27997
28166
28335
28503
28672
28841
29009
29178
29347
29516
29684
29853
30022
30190
30359
30528
30697
30866
31035
31204
31373
31542
31711
31879
32048
32217
32386
32554
32723
32892
33061
33229
33398
33567
33735
33904
34073
34242
34411
34579
34748
34916
35085
35253
35421
35590
35759
35928
36097
36266
36435
36603
36772
36940
37108
37277
37446
37614
37784
37955
38123
38292
38460
38628
38797
38965
39133
39302
39471
39640
39810
39978
40147
40316
40484
40652
40821
40989
41158
41328
41497
41666
41835
42004
42173
42341
42510
42679
42848
43016
43185
43354
43522
43691
43860
44029
44197
44366
44535
44704
44872
45041
45210
45380
45549
45719
45888
46057
46225
46394
46562
46732
46900
47069
47238
47407
47576
47745
47913
48082
48251
48420
48588
48757
48927
49096
49265
49434
49602
49771
49940
50109
50278
50447
50616
50784
50953
51122
51290
51459
51627
51796
51965
52134
52303
52472
52641
52809
52978
53146
53315
53484
53652
53821
53990
54159
54329
54497
54667
54836
55005
55173
55342
55511
55680
55849
56019
56188
56357
56526
56694
56863
57033
57203
57373
57542
57710
57879
58047
58216
58384
58554
58724
58893
59061
59230
59399
59567
59735
59904
60072
60241
60411
60579
60748
60917
61085
61254
61422
61590
61759
61927
62096
62265
62433
62603
62772
62941
63110
63278
63446
63615
63784
63953
64122
64291
64460
64629
64798
64967
65135
65304
65472
65641
65810
65979
66148
66318
66487
66656
66824
66993
67161
67330
67499
67668
67838
68006
68175
68344
68513
68681
68850
69019
69187
69356
69524
69693
69862
70031
70199
70368
70537
70706
70875
71043
71212
71380
71549
71718
71887
72055
72224
72393
72562
72730
72899
73067
73235
73404
73573
73741
73910
74079
74248
74416
74584
74752
74921
75088
75257
75425
75593
75761
75930
76099
76267
76436
76605
76774
76942
77111
77279
77448
77616
77785
77954
78123
78431
78600
78768
78936
79104
79272
79440
79608
79776
79944
80119
80288
80457
80625
80793
80962
81130
81298
81467
81635
81804
81973
82142
82311
82480
82648
82817
82985
83154
83322
83491
83659
83828
83996
84165
84334
84503
84672
84840
85009
85177
85346
85514
85683
85851
86020
86188
86357
86526
86695
86863
87032
87200
87369
87537
87706
87874
88043
88211
88378
88593
88785
89109
89271
89594
89815
89985
90153
90324
90494
90719
90937
91107
91395
91569
91737
91899
92069
92236
92407
92576
92743
92913
93083
93251
93421
93592
93760
93929
94097
94266
94434
94605
94773
94942
95184
95356
95527
95697
95865
96034
96203
96371
96538
96706
96874
97043
97213
97381
97552
97723
97891
98063
98233
98391
98698
98868
99035
99203
99478
99647
99878
100047
100216
100384
100553
100721
100891
