1179
2
95
182
325
410
552
664
805
890
974
1058
1143
1227
1311
1396
1480
1565
1649
1733
1818
1902
1986
2071
2155
2240
2324
2409
2493
2578
2662
2746
2831
2915
3000
3084
3169
3253
3337
3422
3506
3590
3675
3759
3844
3928
4013
4097
4182
4266
4351
4435
4519
4604
4688
4773
4857
4942
5026
5111
5195
5280
5364
5449
5533
5618
5703
5788
5872
5957
6042
6127
6214
6299
6384
6468
6554
6638
6723
6807
6892
6976
7061
7145
7230
7314
7399
7483
7568
7652
7737
7821
7906
7990
8075
8160
8244
8329
8472
8557
8641
8726
8810
8895
8980
9064
9149
9234
9318
9403
9487
9572
9657
9741
9826
9911
9995
10080
10164
10249
10334
10418
10502
10587
10672
10756
10841
10925
11010
11094
11178
11263
11347
11432
11516
11601
11685
11769
11854
11938
12023
12107
12192
12276
12360
12445
12529
12614
12698
12783
12867
12951
13036
13120
13205
13289
13374
13458
13542
13627
13711
13796
13880
13965
14049
14133
14218
14302
14387
14471
14556
14640
14725
14809
14893
14978
15062
15147
15231
15316
15400
15484
15569
15653
15738
15822
15907
15991
16075
16160
16244
16329
16413
16498
16582
16666
16751
16835
16919
17004
17124
17209
17293
17378
17462
17547
17632
17716
17801
17886
17970
18084
18169
18254
18338
18423
18507
18592
18676
18761
18846
18930
19015
19099
19184
19268
19353
19438
19522
19606
19691
19776
19860
19945
20029
20114
20198
20283
20367
20452
20536
20621
20705
20790
20875
20959
21044
21128
21213
21354
21439
21523
21608
21693
21777
21862
21946
22031
22115
22200
22284
22369
22453
22538
22622
22707
22791
22876
22960
23045
23129
23214
23298
23383
23467
23552
23636
23721
23806
23890
23975
24060
24144
24229
24314
24398
24483
24567
24652
24737
24821
24906
24990
25075
25159
25244
25328
25413
25497
25582
25666
25751
25835
25919
26004
26088
26173
26257
26342
26426
26511
26595
26680
26764
26849
26933
27018
27102
27187
27272
27356
27441
27525
27610
27694
27779
27863
27948
28032
28117
28201
28286
28370
28455
28539
28624
28708
28793
28877
28961
29046
29130
29215
29299
29384
29468
29553
29637
29721
29806
29890
29975
30059
30143
30228
30312
30397
30481
30566
30650
30734
30819
30903
30988
31072
31157
31241
31326
31410
31495
31579
31663
31748
31889
32001
32085
32170
32254
32339
32423
32508
32592
32676
32761
32845
32930
33014
33098
33183
33267
33352
33436
33520
33605
33689
33831
33942
34026
34110
34195
34279
34363
34448
34532
34617
34701
34785
34870
34954
35038
35123
35207
35291
35376
35460
35545
35629
35713
35798
35882
35966
36051
36135
36220
36304
36388
36473
36557
36642
36726
36811
36895
36980
37064
37149
37233
37318
37402
37486
37571
37655
37740
37824
37909
37993
38078
38162
38247
38331
38416
38500
38585
38669
38754
38838
38922
39007
39091
39176
39260
39345
39429
39514
39598
39682
39767
39851
39936
40020
40105
40189
40273
40416
40501
40585
40669
40753
40838
40922
41007
41091
41175
41260
41344
41429
41513
41597
41682
41766
41851
41935
42019
42104
42188
42273
42357
42441
42526
42610
42695
42779
42864
42948
43032
43117
43201
43286
43370
43454
43539
43623
43707
43792
43876
43960
44045
44129
44213
44298
44382
44466
44550
44635
44719
44803
44888
44972
45057
45141
45226
45310
45395
45480
45565
45650
45735
45820
45905
45990
46074
46159
46243
46327
46412
46496
46581
46665
46749
46833
46918
47002
47086
47171
47255
47339
47424
47508
47592
47676
47761
47845
47929
48014
48098
48182
48267
48351
48435
48520
48604
48688
48773
48857
48942
49026
49111
49195
49280
49364
49449
49533
49618
49702
49786
49871
49955
50040
50124
50209
50293
50378
50462
50546
50631
50715
50800
50884
50969
51053
51137
51222
51306
51390
51475
51559
51643
51728
51812
51896
51981
52065
52149
52234
52318
52402
52487
52571
52655
52740
52824
52908
52992
53077
53161
53246
53330
53414
53499
53583
53667
53752
53836
53920
54005
54089
54174
54258
54342
54427
54511
54595
54680
54764
54849
54933
55017
55102
55186
55271
55355
55439
55524
55608
55693
55777
55861
55946
56030
56115
56199
56283
56368
56452
56537
56621
56705
56790
56874
56958
57043
57127
57212
57296
57380
57465
57549
57633
57718
57802
57887
57971
58055
58140
58224
58308
58393
58477
58561
58645
58730
58814
58898
58982
59067
59151
59235
59319
59404
59488
59572
59656
59741
59825
59909
59993
60078
60162
60246
60330
60414
60499
60583
60667
60751
60836
60920
61004
61089
61173
61257
61341
61426
61510
61594
61679
61763
61847
61932
62016
62100
62185
62269
62354
62438
62522
62607
62691
62775
62860
62944
63029
63113
63197
63282
63366
63451
63535
63620
63704
63818
63903
63987
64071
64156
64240
64325
64409
64494
64578
64663
64747
64832
64916
65001
65085
65169
65254
65338
65423
65507
65592
65676
65761
65845
65930
66014
66098
66183
66267
66352
66436
66521
66605
66690
66774
66859
66943
67028
67112
67197
67281
67424
67508
67593
67678
67762
67847
67931
68016
68100
68185
68269
68354
68438
68523
68607
68692
68776
68861
68945
69029
69114
69198
69283
69367
69451
69536
69620
69705
69789
69873
69958
70042
70127
70211
70295
70380
70464
70549
70633
70717
70802
70886
70971
71055
71139
71224
71308
71392
71477
71561
71646
71730
71814
71899
71983
72068
72152
72236
72321
72405
72490
72574
72658
72743
72827
72912
72996
73081
73165
73249
73334
73418
73503
73588
73672
73757
73842
73927
74076
74160
74245
74329
74414
74498
74583
74667
74752
74836
74921
75005
75090
75174
75259
75344
75428
75513
75597
75682
75766
75851
75936
76020
76105
76190
76274
76359
76443
76528
76612
76697
76782
76866
76951
77036
77120
77205
77289
77374
77459
77543
77628
77712
77797
77881
77966
78050
78135
78219
78304
78388
78473
78557
78641
78726
78810
78895
78979
79064
79207
79292
79376
79461
79545
79629
79714
79798
79883
79967
80052
80136
80221
80305
80390
80474
80559
80643
80728
80812
80897
80981
81066
81150
81235
81319
81404
81488
81573
81657
81742
81826
81911
81995
82080
82164
82249
82333
82418
82502
82587
82671
82756
82840
82925
83009
83094
83178
83263
83347
83432
83516
83601
83685
83770
83854
83939
84023
84108
84192
84276
84361
84445
84530
84614
84699
84783
84868
84952
85037
85121
85206
85290
85375
85459
85544
85628
85713
85797
85882
85967
86051
86136
86255
86339
86424
86508
86593
86678
86762
86847
86931
87016
87100
87185
87269
87354
87438
87523
87607
87692
87777
87861
87946
88030
88115
88199
88312
88402
88533
88620
88728
88814
88976
89058
89142
89227
89378
89464
89553
89639
89725
89808
89891
89975
90060
90144
90228
90337
90421
90505
90589
90673
90758
90842
90927
91013
91097
91182
91264
91348
91431
91516
91601
91686
91771
91855
91939
92090
92174
92257
92344
92427
92511
92595
92679
92764
92848
92932
93016
93101
93186
93271
93355
93440
93524
93609
93693
93778
93862
93947
94031
94115
94200
94284
94368
94453
94537
94623
94707
94791
94876
94959
95043
95127
95212
95297
95382
95465
95549
95634
95718
95802
95887
95972
96055
96140
96225
96310
96393
96477
96562
96646
96731
96815
96900
96985
97069
97154
97239
97379
97463
97576
97715
97799
97884
97968
98053
98137
98221
98306
98390
98475
98561
98645
98729
98813
98898
98983
99068
99153
99237
99322
99406
99491
99576
99661
99746
99830
99915
99999
100083
100168
100252
100336
100420
100505
100590
100674
100759
100843
