2369
33
97
141
183
226
268
311
353
396
438
480
523
565
607
649
692
734
776
818
861
903
945
987
1029
1071
1114
1156
1198
1240
1282
1324
1366
1408
1451
1493
1535
1577
1619
1662
1704
1746
1788
1830
1873
1915
1957
1999
2041
2083
2125
2168
2210
2252
2294
2336
2379
2421
2463
2505
2547
2590
2632
2674
2716
2758
2801
2843
2885
2927
2969
3011
3053
3096
3138
3180
3222
3264
3324
3366
3408
3451
3493
3535
3577
3619
3661
3703
3746
3788
3830
3872
3914
3956
3999
4041
4083
4125
4167
4209
4251
4294
4336
4378
4420
4462
4504
4546
4588
4631
4673
4715
4757
4799
4841
4883
4926
4968
5027
5069
5111
5153
5195
5237
5279
5321
5363
5405
5447
5490
5532
5574
5616
5658
5700
5742
5784
5826
5868
5910
5952
5995
6037
6079
6121
6163
6205
6247
6289
6332
6374
6416
6458
6500
6542
6584
6626
6668
6711
6753
6795
6837
6879
6921
6963
7006
7048
7090
7132
7174
7216
7258
7301
7343
7385
7427
7469
7512
7554
7596
7638
7680
7723
7765
7807
7849
7891
7934
7976
8018
8060
8102
8145
8187
8229
8271
8313
8355
8398
8440
8482
8524
8566
8608
8651
8693
8735
8777
8819
8861
8904
8946
8988
9030
9072
9114
9156
9198
9241
9283
9325
9367
9409
9451
9494
9536
9578
9620
9662
9704
9746
9788
9831
9873
9915
9957
9999
10041
10083
10125
10168
10210
10252
10294
10336
10378
10420
10462
10504
10547
10589
10631
10673
10715
10757
10799
10841
10884
10926
10968
11010
11052
11094
11137
11179
11221
11263
11305
11347
11389
11432
11474
11516
11559
11601
11644
11686
11729
11772
11815
11857
11900
11942
11984
12027
12069
12112
12154
12196
12239
12281
12323
12365
12408
12450
12492
12534
12577
12619
12661
12703
12746
12788
12830
12872
12914
12957
12999
13041
13083
13126
13168
13210
13252
13295
13337
13379
13422
13464
13506
13548
13590
13633
13675
13717
13759
13802
13844
13886
13928
13971
14013
14055
14097
14139
14182
14224
14266
14308
14351
14393
14435
14477
14520
14562
14604
14646
14689
14731
14773
14815
14857
14900
14942
14984
15026
15069
15111
15153
15195
15237
15280
15322
15364
15406
15449
15491
15533
15575
15617
15660
15702
15744
15786
15852
15895
15937
15979
16021
16063
16105
16147
16190
16232
16274
16316
16358
16401
16443
16485
16527
16569
16611
16654
16696
16738
16780
16822
16864
16907
16949
16991
17033
17075
17118
17160
17202
17244
17286
17328
17370
17412
17455
17497
17539
17581
17623
17665
17707
17750
17792
17834
17876
17918
17960
18003
18045
18087
18129
18171
18214
18256
18298
18340
18382
18425
18467
18509
18551
18593
18635
18678
18720
18762
18804
18846
18888
18931
18973
19015
19057
19099
19141
19184
19226
19268
19310
19352
19394
19436
19479
19521
19563
19605
19647
19689
19731
19774
19816
19858
19900
19942
19985
20027
20069
20111
20153
20195
20237
20280
20322
20364
20425
20468
20510
20552
20594
20636
20678
20720
20762
20804
20847
20889
20931
20973
21015
21057
21099
21142
21184
21226
21268
21310
21352
21395
21437
21479
21521
21563
21605
21648
21690
21732
21774
21816
21859
21916
21958
22000
22042
22085
22127
22169
22211
22253
22295
22337
22379
22421
22463
22506
22548
22590
22632
22674
22716
22758
22800
22842
22885
22927
22969
23011
23053
23095
23138
23180
23222
23264
23306
23348
23390
23432
23474
23516
23559
23601
23643
23685
23727
23769
23811
23890
23932
23974
24016
24059
24101
24143
24185
24227
24270
24312
24354
24396
24438
24481
24523
24565
24607
24649
24691
24734
24776
24818
24860
24902
24944
24987
25029
25071
25113
25155
25198
25240
25282
25324
25366
25408
25451
25493
25535
25577
25619
25662
25704
25746
25788
25830
25872
25915
25957
25999
26041
26083
26126
26168
26210
26252
26294
26337
26379
26421
26463
26505
26547
26589
26631
26674
26716
26758
26800
26842
26884
26926
26968
27011
27053
27095
27137
27179
27221
27264
27306
27348
27390
27432
27474
27516
27559
27601
27643
27685
27727
27769
27811
27853
27896
27938
27980
28022
28064
28106
28148
28190
28252
28294
28336
28379
28421
28463
28505
28547
28590
28632
28674
28716
28758
28800
28843
28885
28927
28969
29011
29054
29096
29138
29180
29223
29265
29307
29349
29392
29434
29476
29518
29560
29603
29645
29687
29729
29772
29814
29856
29898
29940
29982
30025
30067
30109
30151
30193
30236
30278
30320
30362
30404
30447
30489
30531
30573
30615
30658
30700
30742
30784
30826
30868
30911
30953
30995
31037
31079
31122
31164
31206
31248
31290
31333
31375
31417
31459
31501
31543
31586
31628
31670
31712
31754
31796
31839
31881
31923
31965
32007
32049
32091
32134
32176
32218
32260
32302
32344
32386
32429
32471
32513
32555
32597
32640
32682
32724
32766
32808
32850
32892
32934
32977
33019
33061
33103
33145
33187
33229
33272
33314
33356
33398
33440
33482
33524
33566
33608
33651
33693
33735
33777
33819
33861
33903
33945
33987
34029
34071
34114
34156
34198
34240
34282
34324
34366
34408
34450
34492
34534
34576
34618
34660
34702
34744
34786
34829
34871
34913
34955
34997
35039
35081
35123
35165
35207
35249
35291
35333
35375
35418
35460
35502
35544
35586
35628
35670
35712
35754
35796
35838
35880
35922
35964
36006
36049
36091
36133
36175
36217
36259
36301
36343
36386
36428
36470
36512
36554
36596
36638
36680
36723
36765
36807
36849
36891
36933
36975
37017
37059
37102
37144
37186
37228
37270
37312
37354
37397
37439
37481
37523
37565
37607
37649
37691
37734
37776
37818
37860
37902
37944
37986
38029
38071
38113
38155
38197
38239
38281
38324
38366
38408
38450
38492
38534
38577
38619
38661
38703
38745
38787
38829
38871
38913
38955
38997
39040
39082
39124
39166
39208
39250
39293
39335
39377
39419
39461
39503
39545
39587
39630
39672
39714
39756
39798
39840
39882
39924
39967
40009
40051
40093
40135
40177
40219
40262
40304
40346
40388
40430
40472
40514
40556
40599
40641
40683
40725
40767
40809
40851
40893
40935
40977
41020
41062
41104
41146
41188
41230
41272
41315
41357
41399
41441
41483
41525
41568
41610
41652
41694
41736
41779
41836
41878
41920
41962
42004
42046
42089
42131
42173
42215
42257
42299
42341
42383
42426
42468
42510
42552
42594
42636
42678
42720
42762
42804
42846
42889
42931
42973
43015
43057
43099
43141
43183
43225
43267
43309
43351
43393
43435
43477
43519
43561
43603
43645
43687
43729
43772
43814
43856
43898
43940
43982
44024
44107
44149
44191
44233
44275
44317
44359
44401
44443
44485
44527
44569
44611
44653
44695
44737
44779
44821
44863
44905
44948
44990
45053
45095
45137
45179
45221
45263
45305
45348
45390
45432
45474
45516
45558
45600
45642
45685
45727
45769
45811
45853
45895
45937
45979
46022
46064
46106
46148
46190
46232
46274
46316
46358
46400
46442
46484
46527
46569
46611
46653
46695
46737
46779
46821
46863
46905
46947
46989
47031
47073
47115
47157
47199
47241
47283
47325
47367
47409
47451
47493
47535
47577
47619
47662
47704
47746
47788
47830
47872
47914
47957
47999
48041
48083
48125
48167
48209
48252
48294
48336
48378
48420
48462
48504
48546
48589
48631
48673
48715
48757
48800
48842
48884
48926
48968
49010
49053
49095
49137
49179
49221
49263
49305
49347
49390
49432
49474
49516
49558
49600
49642
49684
49726
49768
49810
49852
49894
49936
49978
50020
50062
50105
50147
50189
50231
50273
50315
50357
50399
50441
50483
50525
50567
50609
50651
50694
50736
50778
50820
50862
50904
50946
50988
51030
51073
51115
51157
51199
51241
51283
51325
51367
51409
51452
51513
51555
51597
51639
51681
51723
51765
51808
51850
51892
51934
51976
52018
52060
52102
52144
52186
52229
52271
52313
52355
52397
52439
52481
52523
52566
52608
52650
52692
52734
52776
52818
52861
52903
52945
52987
53029
53071
53113
53155
53198
53240
53282
53324
53366
53408
53451
53493
53535
53577
53619
53661
53703
53746
53788
53830
53872
53914
53956
53999
54041
54083
54125
54167
54209
54251
54293
54336
54378
54420
54462
54504
54546
54588
54631
54673
54715
54757
54799
54841
54884
54926
54968
55010
55052
55094
55136
55179
55221
55263
55305
55347
55389
55431
55474
55516
55558
55600
55642
55684
55726
55769
55811
55853
55895
55937
55979
56021
56064
56106
56148
56190
56232
56274
56316
56359
56401
56443
56485
56527
56569
56611
56654
56696
56738
56780
56822
56864
56906
56948
56990
57033
57075
57117
57159
57201
57243
57286
57328
57370
57429
57471
57513
57555
57597
57639
57681
57723
57766
57808
57850
57892
57934
57976
58018
58060
58102
58145
58187
58229
58271
58313
58355
58397
58439
58481
58524
58566
58608
58650
58692
58734
58776
58818
58860
58902
58945
58987
59029
59071
59113
59155
59197
59239
59281
59324
59366
59408
59450
59492
59534
59576
59618
59660
59703
59745
59787
59829
59871
59913
59955
59997
60040
60082
60124
60166
60208
60250
60292
60334
60376
60419
60461
60503
60545
60587
60629
60671
60713
60756
60798
60840
60882
60924
60966
61008
61050
61093
61135
61177
61219
61261
61303
61345
61387
61430
61472
61514
61556
61598
61640
61682
61724
61766
61809
61851
61893
61935
61977
62019
62061
62103
62146
62188
62230
62272
62314
62356
62398
62440
62482
62524
62566
62609
62651
62693
62735
62777
62819
62861
62903
62945
62987
63029
63072
63114
63156
63198
63240
63282
63324
63366
63408
63450
63492
63535
63577
63619
63661
63703
63745
63787
63829
63871
63913
63956
63998
64040
64082
64124
64166
64208
64251
64293
64335
64377
64419
64461
64503
64546
64588
64630
64672
64714
64756
64798
64840
64883
64925
64967
65009
65051
65093
65135
65177
65220
65262
65304
65346
65388
65430
65472
65514
65556
65598
65641
65683
65725
65767
65809
65851
65893
65935
65978
66020
66062
66104
66146
66188
66230
66272
66314
66357
66399
66441
66483
66525
66567
66609
66651
66693
66735
66778
66820
66862
66904
66946
66988
67030
67072
67115
67157
67199
67241
67283
67325
67367
67410
67452
67494
67536
67578
67621
67663
67705
67747
67790
67832
67874
67916
67959
68001
68043
68086
68128
68170
68213
68255
68297
68340
68382
68425
68467
68509
68552
68594
68636
68679
68721
68763
68806
68848
68890
68932
68975
69017
69059
69101
69143
69186
69228
69270
69312
69354
69397
69439
69481
69523
69565
69608
69650
69692
69734
69776
69819
69861
69903
69945
69987
70030
70072
70114
70156
70198
70241
70283
70325
70367
70409
70451
70494
70536
70578
70620
70662
70705
70747
70789
70831
70873
70916
70958
71000
71042
71084
71126
71168
71211
71253
71295
71337
71379
71421
71463
71506
71548
71590
71632
71674
71716
71758
71801
71843
71885
71927
71969
72011
72053
72095
72138
72180
72222
72264
72306
72348
72390
72432
72475
72517
72559
72601
72643
72685
72727
72769
72811
72870
72912
72954
72996
73039
73081
73123
73165
73207
73249
73291
73333
73375
73417
73459
73501
73543
73585
73627
73670
73712
73754
73796
73838
73880
73922
73964
74006
74048
74090
74133
74175
74217
74259
74301
74343
74385
74427
74469
74512
74554
74596
74638
74680
74723
74765
74807
74849
74891
74933
74976
75018
75060
75102
75144
75187
75229
75271
75313
75355
75398
75440
75482
75524
75566
75608
75650
75693
75735
75777
75819
75861
75903
75946
75988
76030
76072
76114
76156
76198
76241
76283
76325
76367
76409
76451
76494
76536
76578
76620
76662
76704
76746
76789
76831
76873
76915
76957
76999
77062
77104
77146
77188
77230
77272
77314
77356
77399
77441
77483
77525
77567
77609
77651
77694
77736
77778
77820
77862
77904
77946
77989
78031
78073
78115
78157
78199
78241
78283
78326
78368
78410
78452
78494
78536
78578
78620
78662
78705
78747
78789
78831
78873
78915
78957
78999
79041
79083
79126
79168
79210
79252
79294
79336
79378
79421
79463
79505
79548
79590
79633
79675
79718
79761
79804
79846
79889
79937
79980
80022
80064
80106
80148
80190
80232
80274
80316
80359
80401
80443
80485
80527
80569
80611
80653
80695
80738
80780
80822
80864
80906
80948
80990
81033
81075
81117
81159
81201
81243
81286
81328
81370
81412
81455
81497
81539
81581
81623
81666
81708
81750
81792
81834
81877
81919
81961
82003
82045
82088
82130
82172
82214
82256
82299
82341
82383
82425
82467
82509
82552
82594
82636
82678
82720
82763
82805
82847
82889
82932
82974
83016
83058
83101
83143
83185
83227
83269
83312
83354
83396
83438
83481
83523
83565
83607
83649
83692
83734
83776
83818
83861
83903
83945
83987
84029
84072
84114
84156
84198
84240
84283
84325
84367
84409
84452
84494
84536
84578
84620
84663
84705
84747
84789
84831
84874
84916
84958
85000
85042
85085
85127
85169
85211
85253
85296
85338
85380
85422
85464
85507
85549
85591
85633
85675
85718
85760
85802
85844
85887
85929
85971
86013
86056
86098
86140
86182
86224
86267
86309
86351
86393
86435
86478
86520
86562
86604
86646
86689
86731
86773
86815
86857
86900
86942
86984
87026
87068
87111
87153
87195
87237
87279
87322
87364
87406
87448
87490
87533
87575
87617
87659
87701
87743
87785
87828
87870
87912
87954
88017
88060
88102
88144
88186
88228
88270
88312
88354
88396
88438
88498
88540
88582
88624
88666
88708
88779
88821
88881
88923
88965
89048
89090
89132
89174
89217
89259
89302
89345
89387
89431
89496
89538
89622
89665
89707
89749
89815
89857
89899
89941
89983
90025
90067
90109
90152
90194
90236
90278
90321
90404
90447
90489
90531
90573
90615
90657
90700
90742
90804
90847
90930
90973
91015
91057
91099
91141
91224
91266
91308
91350
91392
91434
91477
91519
91561
91603
91645
91687
91729
91771
91813
91855
91919
91961
92003
92045
92087
92129
92171
92213
92255
92297
92339
92423
92486
92528
92590
92674
92717
92759
92801
92843
92885
92927
92969
93011
93054
93096
93138
93180
93222
93264
93306
93349
93391
93433
93475
93517
93560
93602
93644
93687
93729
93771
93813
93856
93898
93940
93982
94024
94066
94108
94150
94193
94235
94277
94320
94362
94404
94446
94489
94531
94573
94615
94657
94699
94741
94783
94826
94868
94910
94952
94995
95037
95079
95121
95164
95206
95248
95290
95332
95374
95416
95458
95501
95543
95585
95627
95669
95711
95753
95796
95838
95880
95922
95964
96006
96048
96091
96133
96175
96217
96279
96321
96386
96447
96489
96531
96573
96615
96657
96699
96741
96784
96868
96910
96952
96995
97037
97079
97121
97163
97206
97248
97290
97332
97374
97417
97459
97543
97585
97627
97669
97711
97754
97796
97838
97880
97923
98006
98049
98091
98134
98176
98219
98303
98345
98387
98429
98472
98514
98556
98598
98640
98682
98724
98767
98809
98851
98893
98935
98978
99020
99063
99105
99148
99190
99232
99275
99317
99359
99402
99444
99486
99528
99571
99613
99655
99698
99740
99783
99825
99867
99909
99951
99994
100036
100078
100120
100162
100205
100247
100289
100331
100373
100416
100458
100500
100543
100585
100627
100669
100711
100753
100795
100837
100880
100922
