140
6
567
1255
2005
2616
3292
3996
4656
5342
6015
6686
7350
8034
8711
9371
10044
10734
11601
12273
12947
13621
14295
14970
15645
16314
16987
17659
18338
19011
19683
20364
21036
22058
23061
24264
24936
25626
26302
26976
27648
28322
28994
29667
30339
31016
31690
32363
33035
33710
34385
35057
35731
36404
37078
37751
38772
39446
40120
40793
41466
42140
42814
43487
44109
44834
45508
46181
47182
47857
48532
49205
49879
50553
51227
51901
52575
53250
53923
54597
55272
55947
56620
57297
57971
58644
59322
59995
60668
61349
62019
62691
63368
64043
64714
65388
66159
66736
67410
68086
68758
69433
70107
70780
71454
72128
72804
73477
74149
74824
75694
76371
77044
77718
78391
79065
79740
80413
81087
81760
82434
83110
83783
84456
85130
85804
86479
87153
88206
89175
89849
90525
91199
91873
92549
93221
93900
94569
95244
95917
96594
