281
6
377
876
1303
1664
1994
2483
2994
3288
3736
4073
4533
5084
5421
5758
6094
6464
6769
7323
7731
8031
8328
8662
9006
9339
9670
9970
10346
10680
11013
11486
11845
12162
12498
12836
13172
13544
13847
14183
14554
14859
15196
15499
15803
16207
16542
16917
17220
17555
17928
18231
18607
18906
19241
19610
19917
20253
20591
20926
21263
21621
22059
22647
22983
23286
23657
23993
24337
24672
25006
25340
25683
26017
26351
26657
26993
27329
27702
28037
28339
28711
29046
29384
29721
30059
30395
30730
31066
31400
31745
32078
32408
32757
33094
33431
33768
34104
34441
34778
35114
35450
35787
36124
36460
36797
37133
37469
37805
38143
38479
38815
39152
39490
39826
40161
40497
40835
41172
41509
41845
42182
42517
42853
43191
43527
44108
44538
44874
45210
45546
45881
46219
46554
46890
47225
47560
47897
48233
48568
48902
49240
49574
49909
50251
50582
50916
51252
51589
51925
52261
52597
52933
53269
53613
53947
54280
54615
54951
55294
55628
55961
56295
56637
56970
57307
57642
57977
58312
58652
58987
59322
59657
59995
60331
60668
61003
61338
61729
62061
62393
62741
63073
63407
63753
64089
64425
64759
65091
65438
65771
66158
66783
67120
67454
67787
68119
68463
68798
69135
69470
69804
70149
70483
70816
71151
71493
71830
72166
72500
72833
73178
73511
73846
74180
74516
74860
75194
75529
75862
76206
76540
76875
77211
77545
77890
78224
78558
78893
79237
79571
79908
80242
80577
80920
81255
81590
81925
82260
82602
82937
83271
83605
83948
84283
84617
84953
85288
85630
85968
86301
86635
86978
87315
87650
88206
88660
88996
89331
89667
90002
90340
90678
91013
91347
91684
92021
92358
92696
93030
93366
93703
94042
94377
94712
95051
95384
95722
96058
96391
96736
97064
