554
6
230
396
561
727
941
1108
1275
1443
1731
1897
2063
2229
2396
2563
2730
3052
3218
3385
3568
3735
3902
4070
4237
4405
4572
4740
4908
5075
5242
5409
5577
5744
5911
6079
6246
6413
6581
6748
6915
7082
7249
7417
7584
7752
7919
8086
8253
8420
8587
8769
8936
9102
9269
9591
9758
9924
10107
10274
10441
10608
10776
10943
11219
11385
11552
11719
11887
12054
12307
12474
12641
12891
13058
13225
13392
13559
13726
13893
14061
14295
14462
14686
14854
15133
15300
15467
15692
15859
16138
16305
16472
16640
16807
16975
17143
17311
17478
17646
17813
18092
18259
18547
18714
18881
19048
19216
19383
19551
19718
19885
20052
20326
20494
20661
20902
21068
21235
21499
21666
21834
22060
22241
22408
22575
22743
22910
23197
23364
23581
23867
24034
24201
24368
24536
24703
24870
25038
25205
25372
25540
25708
25875
26042
26209
26377
26544
26712
26880
27047
27214
27381
27548
27716
27883
28051
28218
28385
28552
28826
28993
29160
29327
29494
29662
29829
29997
30164
30331
30498
30666
30833
31000
31168
31335
31502
31670
31837
32004
32171
32415
32582
32749
32916
33143
33311
33587
33755
33981
34148
34315
34483
34760
34928
35095
35280
35447
35766
35933
36101
36337
36504
36671
36838
37123
37290
37458
37676
37843
38010
38177
38376
38543
38710
38878
39045
39213
39382
39549
39716
40040
40207
40375
40543
40710
40878
41045
41213
41380
41661
41828
42039
42206
42374
42648
42815
43044
43212
43379
43652
43820
44108
44322
44570
44737
44905
45073
45240
45408
45575
45743
45910
46078
46246
46413
46581
46748
46915
47099
47266
47434
47602
47770
47938
48105
48273
48441
48608
48776
48944
49112
49279
49463
49630
49798
49965
50132
50300
50468
50635
50802
50970
51137
51304
51472
51639
51807
51974
52141
52309
52476
52643
52811
52978
53146
53313
53480
53648
53815
53983
54150
54317
54485
54652
54820
54987
55155
55322
55489
55648
55806
55973
56159
56476
56644
56811
56978
57145
57313
57480
57648
57816
57983
58151
58318
58485
58669
58852
59019
59187
59354
59521
59689
59858
60026
60193
60360
60527
60695
60862
61029
61198
61365
61532
61699
61867
62034
62201
62379
62546
62714
62881
63048
63216
63384
63552
63720
63887
64054
64221
64389
64556
64724
64892
65060
65227
65394
65562
65729
65896
66158
66399
66566
66734
66901
67069
67236
67404
67571
67739
67908
68075
68242
68409
68577
68744
68914
69081
69248
69415
69582
69755
69922
70089
70256
70423
70590
70758
70926
71094
71262
71429
71596
71763
71931
72098
72266
72433
72601
72769
72936
73103
73271
73438
73605
73773
73940
74108
74276
74443
74610
74778
74961
75129
75296
75463
75631
75799
75966
76134
76301
76468
76636
76804
76972
77139
77307
77474
77641
77809
77976
78144
78312
78480
78647
78815
78982
79150
79317
79485
79653
79820
79988
80155
80323
80490
80657
80825
80993
81160
81328
81495
81662
81830
82009
82177
82345
82511
82678
82846
83013
83181
83350
83516
83684
83851
84018
84186
84353
84520
84688
84856
85023
85191
85358
85525
85693
85873
86041
86208
86375
86542
86710
86877
87044
87212
87380
87547
87714
87882
88206
88382
88551
88718
88886
89053
89221
89388
89555
89736
89904
90071
90238
90404
90572
90741
90908
91076
91243
91410
91578
91757
91924
92092
92260
92428
92595
92762
92930
93096
93264
93433
93600
93767
93935
94103
94270
94437
94605
94771
94940
95109
95277
95445
95611
95778
95946
96116
96282
96451
96617
96785
96952
97118
