1140
6
151
288
371
454
537
621
705
789
873
957
1041
1125
1210
1294
1378
1462
1546
1631
1715
1799
1883
1967
2051
2135
2220
2334
2418
2502
2660
2744
2839
2997
3081
3165
3249
3333
3417
3502
3586
3670
3754
3838
3923
4007
4091
4175
4259
4344
4428
4512
4596
4681
4765
4849
4933
5017
5102
5186
5270
5354
5438
5523
5607
5691
5775
5859
5944
6028
6112
6196
6280
6365
6449
6533
6617
6701
6837
6921
7038
7174
7258
7342
7426
7511
7595
7679
7763
7848
7932
8016
8100
8184
8269
8353
8437
8521
8606
8690
8774
8858
8942
9027
9111
9195
9279
9364
9448
9532
9616
9701
9785
9869
9954
10038
10122
10206
10291
10375
10459
10543
10627
10712
10796
10880
10964
11049
11133
11237
11321
11405
11490
11574
11658
11742
11826
11911
11995
12079
12163
12248
12332
12416
12500
12585
12669
12753
12837
12922
13006
13090
13174
13259
13343
13427
13511
13595
13680
13764
13848
13932
14016
14101
14185
14269
14383
14467
14551
14635
14720
14804
14888
14972
15057
15141
15225
15309
15394
15478
15562
15646
15731
15815
15899
15983
16068
16152
16236
16320
16405
16489
16573
16657
16742
16826
16910
16994
17079
17163
17247
17331
17416
17500
17584
17669
17753
17837
17921
18006
18090
18174
18258
18343
18427
18511
18595
18680
18764
18848
18932
19017
19101
19185
19269
19354
19438
19522
19607
19691
19775
19859
19944
20028
20112
20196
20281
20365
20449
20534
20618
20702
20786
20871
20955
21039
21124
21208
21292
21376
21461
21545
21629
21714
21798
21882
21966
22060
22219
22303
22388
22472
22556
22641
22725
22809
22893
22978
23062
23146
23230
23315
23399
23483
23567
23652
23736
23820
23904
23989
24073
24157
24242
24326
24466
24550
24634
24719
24803
24887
24972
25056
25140
25224
25309
25393
25477
25562
25646
25730
25815
25899
25983
26067
26152
26236
26320
26405
26489
26573
26657
26742
26826
26910
26994
27091
27175
27259
27344
27428
27512
27596
27681
27765
27849
27933
28018
28102
28186
28271
28355
28439
28523
28608
28692
28776
28860
28945
29029
29113
29198
29282
29366
29450
29535
29619
29703
29787
29872
29956
30040
30124
30209
30293
30377
30461
30546
30630
30714
30798
30883
30967
31051
31136
31220
31304
31388
31473
31557
31641
31725
31810
31894
31978
32062
32147
32231
32315
32400
32484
32568
32652
32737
32821
32905
32989
33074
33158
33242
33327
33411
33495
33579
33664
33748
33832
33917
34001
34085
34169
34254
34338
34422
34507
34591
34675
34760
34844
34928
35013
35097
35181
35266
35350
35434
35519
35621
35705
35789
35873
35958
36042
36126
36210
36295
36379
36463
36566
36651
36735
36819
36903
36987
37123
37207
37291
37376
37460
37544
37629
37713
37797
37882
37966
38050
38135
38219
38303
38388
38472
38556
38641
38725
38809
38893
38978
39062
39146
39231
39315
39399
39483
39568
39652
39736
39821
39905
39989
40074
40158
40242
40326
40411
40495
40579
40703
40788
40872
40956
41040
41125
41209
41293
41378
41462
41546
41631
41715
41799
41883
41968
42052
42136
42221
42305
42389
42473
42558
42642
42726
42811
42895
42979
43063
43148
43232
43316
43401
43485
43569
43653
43738
43822
43906
43990
44108
44243
44327
44412
44496
44580
44665
44749
44833
44917
45002
45086
45170
45254
45339
45423
45507
45591
45676
45760
45844
45929
46013
46097
46181
46266
46350
46434
46518
46603
46687
46771
46855
46940
47024
47108
47192
47277
47361
47445
47530
47614
47698
47782
47867
47951
48035
48119
48204
48288
48372
48456
48541
48625
48709
48793
48878
48962
49046
49131
49215
49299
49383
49468
49552
49636
49720
49805
49889
49973
50057
50142
50226
50310
50395
50479
50563
50647
50732
50816
50900
50985
51069
51153
51237
51322
51406
51490
51575
51659
51743
51827
51912
51996
52080
52165
52249
52333
52417
52502
52586
52670
52755
52839
52923
53007
53092
53176
53260
53345
53429
53513
53597
53682
53766
53850
53935
54019
54103
54188
54272
54356
54457
54541
54625
54709
54794
54878
54962
55047
55131
55215
55299
55384
55468
55552
55636
55721
55805
55889
55973
56058
56142
56239
56323
56408
56492
56576
56661
56745
56829
56914
56998
57082
57167
57251
57335
57420
57504
57588
57673
57757
57841
57926
58010
58094
58178
58263
58347
58431
58516
58600
58684
58769
58853
58937
59022
59106
59190
59275
59359
59443
59528
59612
59696
59780
59865
59949
60033
60118
60202
60286
60371
60455
60539
60624
60708
60792
60877
60961
61045
61130
61214
61298
61383
61467
61551
61635
61720
61804
61888
61973
62057
62141
62226
62310
62394
62479
62563
62647
62732
62816
62900
62985
63069
63153
63237
63322
63406
63490
63575
63659
63743
63828
63912
63996
64081
64165
64249
64333
64418
64502
64586
64670
64755
64839
64923
65008
65092
65176
65260
65345
65429
65513
65598
65682
65766
65851
65935
66019
66158
66243
66356
66441
66525
66609
66693
66778
66862
66946
67030
67115
67199
67283
67368
67452
67536
67620
67705
67789
67873
67958
68042
68126
68210
68295
68379
68463
68548
68632
68716
68800
68885
68969
69053
69138
69222
69306
69390
69475
69559
69643
69727
69812
69896
69980
70065
70149
70233
70317
70402
70486
70570
70655
70739
70823
70907
70992
71076
71160
71245
71329
71413
71497
71582
71666
71750
71834
71919
72003
72087
72211
72295
72379
72464
72548
72632
72716
72801
72885
72969
73054
73138
73222
73307
73391
73475
73559
73644
73728
73812
73896
73981
74065
74149
74234
74318
74402
74487
74571
74655
74739
74824
74908
74992
75077
75161
75245
75330
75414
75498
75583
75667
75751
75835
75920
76004
76088
76173
76257
76341
76426
76510
76594
76678
76763
76847
76931
77016
77100
77184
77268
77353
77437
77521
77606
77690
77774
77859
77943
78027
78112
78196
78280
78365
78449
78533
78617
78702
78786
78871
78955
79039
79123
79208
79292
79376
79461
79545
79630
79714
79798
79882
79967
80051
80135
80220
80304
80388
80473
80557
80641
80726
80810
80894
80979
81063
81147
81232
81316
81400
81485
81569
81654
81738
81822
81907
81991
82075
82159
82244
82328
82412
82497
82582
82666
82750
82834
82918
83003
83087
83172
83256
83340
83425
83509
83593
83677
83762
83846
83930
84015
84099
84183
84268
84352
84436
84521
84605
84690
84774
84858
84942
85026
85111
85195
85280
85364
85448
85532
85617
85701
85785
85870
85954
86038
86122
86207
86291
86375
86460
86544
86628
86724
86808
86893
86977
87061
87145
87230
87314
87398
87482
87567
87651
87736
87820
87904
87988
88073
88206
88292
88410
88494
88578
88663
88747
88832
88916
89000
89085
89169
89253
89337
89421
89506
89590
89674
89760
89844
89928
90011
90096
90181
90265
90349
90434
90518
90602
90687
90771
90855
90939
91024
91108
91192
91276
91360
91445
91530
91615
91698
91797
91880
91965
92049
92134
92217
92302
92386
92471
92555
92639
92723
92807
92892
92977
93061
93144
93229
93314
93397
93482
93566
93652
93734
93820
93903
93988
94073
94156
94241
94326
94408
94494
94579
94661
94748
94831
94915
95001
95082
95170
95253
95335
95421
95506
95592
95674
95758
95844
95926
96011
96097
96179
96266
96348
96432
96518
96602
96686
96771
96855
96939
97024
97108
