2176
6
59
125
195
237
279
321
363
405
447
489
531
573
615
657
699
741
805
847
890
932
974
1016
1058
1100
1142
1184
1226
1268
1310
1352
1394
1437
1479
1521
1563
1605
1647
1689
1731
1773
1815
1857
1899
1941
1983
2026
2068
2110
2152
2194
2236
2278
2320
2362
2404
2446
2488
2530
2572
2615
2657
2699
2741
2783
2825
2867
2909
2951
2993
3035
3078
3152
3194
3236
3278
3320
3362
3404
3446
3488
3530
3572
3614
3656
3698
3740
3783
3825
3867
3909
3951
3993
4035
4077
4119
4161
4203
4245
4287
4329
4372
4414
4456
4498
4540
4582
4624
4666
4708
4750
4792
4834
4876
4918
4961
5003
5045
5087
5129
5171
5213
5255
5297
5339
5381
5423
5465
5507
5550
5592
5634
5676
5718
5760
5802
5844
5886
5928
5970
6012
6054
6097
6139
6181
6223
6265
6307
6349
6391
6433
6475
6517
6559
6601
6644
6686
6728
6770
6812
6854
6896
6938
6980
7022
7064
7107
7149
7191
7233
7275
7317
7359
7401
7443
7485
7528
7570
7612
7654
7696
7738
7780
7822
7864
7906
7949
7991
8033
8075
8117
8159
8201
8243
8285
8327
8370
8412
8454
8496
8538
8580
8622
8664
8706
8748
8790
8833
8875
8917
8959
9001
9043
9085
9127
9170
9212
9254
9296
9338
9399
9441
9484
9526
9568
9610
9652
9694
9736
9778
9821
9863
9905
9947
9989
10031
10073
10116
10158
10200
10242
10284
10326
10368
10411
10453
10495
10537
10579
10621
10663
10705
10747
10790
10832
10874
10916
10958
11000
11042
11084
11126
11169
11211
11253
11295
11360
11402
11444
11487
11529
11571
11613
11655
11697
11739
11782
11824
11866
11908
11950
11992
12034
12077
12119
12161
12203
12245
12287
12329
12372
12414
12456
12498
12540
12582
12624
12667
12709
12751
12793
12835
12877
12919
12961
13004
13046
13088
13130
13172
13214
13256
13298
13341
13383
13425
13467
13509
13551
13593
13635
13678
13720
13762
13804
13846
13888
13930
13972
14015
14057
14099
14141
14183
14225
14267
14309
14351
14394
14436
14478
14520
14562
14604
14646
14688
14731
14773
14815
14857
14899
14941
14983
15025
15067
15110
15152
15194
15236
15278
15320
15362
15404
15474
15516
15558
15600
15642
15684
15727
15769
15811
15853
15895
15937
15979
16021
16064
16106
16148
16190
16232
16274
16316
16358
16401
16443
16485
16527
16569
16611
16653
16695
16738
16780
16822
16864
16906
16948
16990
17032
17075
17117
17159
17201
17243
17285
17327
17370
17412
17454
17496
17538
17580
17622
17664
17707
17749
17791
17833
17875
17936
17979
18021
18063
18105
18147
18189
18231
18273
18316
18358
18400
18442
18484
18526
18568
18610
18653
18695
18737
18779
18821
18863
18905
18948
18990
19032
19074
19116
19158
19200
19242
19285
19327
19369
19411
19453
19495
19537
19579
19622
19664
19706
19748
19790
19832
19874
19916
19958
20001
20043
20085
20127
20169
20211
20253
20295
20338
20380
20422
20464
20506
20548
20590
20632
20674
20717
20759
20801
20843
20885
20927
20969
21011
21054
21096
21138
21180
21222
21264
21306
21348
21390
21433
21475
21517
21559
21601
21643
21685
21727
21770
21812
21854
21896
21938
21980
22063
22106
22148
22191
22233
22275
22317
22359
22401
22443
22486
22528
22570
22612
22654
22696
22738
22780
22823
22865
22907
22949
22991
23033
23075
23117
23160
23202
23244
23286
23328
23370
23412
23454
23497
23539
23581
23623
23665
23707
23749
23791
23834
23876
23918
23960
24002
24044
24086
24128
24171
24213
24255
24297
24339
24381
24423
24465
24507
24550
24592
24634
24676
24718
24760
24802
24845
24887
24929
24971
25013
25055
25097
25139
25182
25224
25266
25308
25350
25392
25434
25476
25519
25561
25603
25645
25687
25729
25771
25813
25856
25898
25940
25982
26024
26066
26108
26151
26193
26235
26277
26319
26361
26403
26446
26488
26530
26572
26614
26656
26698
26741
26783
26825
26867
26909
26951
26993
27036
27078
27120
27162
27204
27246
27289
27331
27373
27415
27457
27499
27542
27584
27626
27668
27710
27753
27795
27837
27879
27921
27964
28006
28048
28090
28132
28175
28217
28259
28301
28343
28386
28428
28470
28512
28554
28596
28638
28680
28723
28765
28835
28877
28919
28961
29003
29045
29088
29130
29172
29214
29256
29298
29341
29383
29425
29467
29509
29551
29593
29635
29678
29720
29762
29804
29846
29888
29930
29973
30015
30057
30099
30141
30183
30225
30267
30310
30352
30394
30436
30478
30520
30562
30604
30647
30689
30731
30773
30815
30857
30899
30941
30984
31026
31068
31110
31152
31194
31236
31278
31321
31363
31405
31447
31489
31531
31573
31615
31658
31700
31742
31784
31826
31868
31910
31952
31995
32037
32079
32121
32163
32205
32247
32289
32332
32374
32416
32458
32500
32542
32584
32626
32668
32711
32753
32795
32837
32879
32921
32963
33005
33048
33090
33132
33174
33216
33258
33300
33342
33385
33427
33469
33511
33553
33595
33664
33706
33748
33790
33832
33875
33917
33959
34001
34043
34085
34127
34169
34212
34254
34296
34338
34380
34422
34464
34506
34549
34591
34633
34675
34717
34759
34801
34843
34886
34928
34970
35012
35054
35096
35138
35180
35223
35265
35307
35349
35391
35433
35475
35517
35560
35602
35644
35686
35728
35770
35812
35854
35897
35939
35981
36023
36065
36107
36149
36191
36234
36276
36318
36360
36402
36444
36486
36528
36571
36613
36655
36697
36739
36781
36823
36866
36908
36950
36992
37034
37076
37118
37160
37203
37245
37287
37329
37371
37413
37455
37497
37540
37582
37624
37666
37708
37750
37792
37835
37877
37919
37961
38003
38045
38087
38129
38172
38214
38256
38298
38340
38382
38424
38467
38509
38551
38593
38635
38677
38719
38762
38804
38846
38888
38930
38972
39015
39057
39099
39141
39183
39225
39267
39310
39352
39394
39436
39478
39520
39562
39605
39647
39689
39731
39773
39815
39858
39900
39942
40000
40042
40084
40127
40169
40211
40253
40295
40337
40379
40422
40464
40506
40548
40590
40632
40674
40716
40759
40801
40843
40885
40927
40969
41011
41053
41096
41138
41180
41222
41264
41306
41348
41390
41433
41475
41517
41559
41601
41643
41685
41727
41769
41812
41854
41896
41938
41980
42022
42064
42106
42149
42191
42233
42275
42317
42359
42401
42443
42486
42528
42570
42612
42654
42696
42738
42780
42823
42865
42907
42949
42991
43033
43075
43117
43159
43202
43244
43286
43328
43370
43412
43454
43496
43539
43581
43623
43665
43707
43749
43791
43833
43875
43918
43960
44002
44044
44109
44153
44198
44240
44283
44339
44381
44423
44465
44507
44549
44592
44634
44676
44718
44760
44802
44844
44900
44942
44984
45027
45069
45111
45153
45195
45237
45279
45321
45363
45406
45448
45490
45532
45574
45616
45658
45700
45743
45785
45827
45869
45911
45953
45995
46037
46080
46122
46164
46206
46248
46290
46332
46374
46417
46459
46501
46543
46585
46627
46669
46711
46754
46796
46838
46880
46922
46964
47006
47048
47091
47133
47175
47217
47259
47301
47343
47385
47428
47470
47512
47554
47596
47638
47680
47722
47765
47807
47849
47891
47933
47975
48017
48059
48102
48144
48186
48228
48270
48312
48354
48397
48439
48481
48523
48565
48607
48649
48691
48734
48776
48818
48860
48902
48944
48986
49028
49071
49113
49155
49197
49239
49281
49323
49366
49408
49450
49492
49534
49576
49618
49660
49703
49745
49787
49829
49871
49913
49955
49998
50040
50082
50124
50166
50208
50251
50293
50335
50377
50419
50461
50503
50545
50588
50630
50672
50714
50756
50799
50841
50883
50925
50967
51009
51051
51094
51136
51178
51220
51262
51305
51347
51389
51431
51473
51515
51557
51600
51642
51684
51726
51768
51811
51853
51895
51937
51979
52021
52064
52106
52148
52190
52232
52274
52317
52359
52401
52443
52485
52542
52584
52626
52696
52752
52794
52837
52879
52921
52963
53005
53047
53089
53131
53174
53216
53258
53300
53342
53384
53426
53468
53511
53553
53595
53637
53679
53721
53764
53806
53848
53890
53932
53974
54016
54058
54100
54143
54185
54227
54269
54311
54353
54395
54438
54480
54522
54564
54606
54648
54690
54733
54775
54817
54859
54901
54943
54985
55069
55112
55154
55196
55238
55280
55322
55364
55407
55449
55491
55533
55575
55617
55659
55701
55744
55786
55828
55870
55912
55954
55996
56038
56081
56123
56165
56207
56249
56291
56333
56376
56418
56460
56502
56544
56586
56628
56670
56713
56755
56797
56839
56881
56923
56965
57007
57050
57092
57134
57176
57218
57260
57302
57344
57387
57429
57471
57513
57555
57597
57639
57681
57724
57766
57808
57850
57892
57934
57976
58019
58061
58103
58145
58187
58229
58271
58314
58356
58398
58440
58482
58524
58566
58608
58650
58693
58735
58777
58819
58861
58903
58946
58988
59030
59072
59114
59156
59198
59240
59283
59325
59367
59409
59451
59493
59535
59578
59620
59662
59704
59746
59788
59831
59873
59915
59957
59999
60041
60084
60126
60168
60210
60252
60295
60337
60379
60421
60463
60505
60548
60590
60632
60674
60717
60801
60843
60885
60927
60969
61012
61054
61096
61138
61181
61265
61307
61349
61391
61433
61476
61518
61560
61613
61697
61739
61781
61823
61866
61908
61950
61992
62035
62077
62119
62161
62203
62245
62287
62330
62372
62414
62456
62498
62540
62624
62667
62709
62752
62836
62878
62920
62962
63004
63046
63089
63131
63173
63215
63257
63299
63342
63426
63468
63510
63552
63594
63637
63679
63721
63763
63805
63889
63932
63974
64016
64058
64100
64142
64185
64227
64269
64311
64353
64395
64437
64480
64564
64606
64648
64690
64732
64775
64817
64859
64901
64943
64985
65027
65069
65111
65154
65196
65238
65280
65322
65365
65407
65449
65491
65533
65575
65617
65659
65701
65744
65786
65828
65870
65912
65954
65996
66038
66081
66159
66201
66244
66290
66333
66375
66418
66460
66502
66544
66586
66628
66671
66713
66755
66797
66839
66881
66923
66965
67007
67050
67092
67134
67176
67218
67260
67302
67344
67387
67429
67471
67513
67555
67598
67640
67682
67724
67766
67808
67850
67892
67934
67976
68019
68061
68103
68145
68187
68229
68271
68313
68356
68398
68440
68482
68524
68566
68609
68651
68693
68735
68777
68819
68903
68946
68988
69030
69072
69114
69156
69240
69283
69325
69367
69409
69465
69507
69549
69591
69634
69676
69718
69760
69802
69886
69929
70013
70055
70097
70181
70223
70266
70308
70350
70392
70434
70476
70519
70561
70603
70645
70729
70772
70814
70856
70898
70940
70982
71024
71067
71109
71151
71193
71235
71277
71361
71404
71446
71488
71530
71614
71657
71699
71741
71783
71825
71867
71910
71952
71994
72036
72079
72163
72205
72247
72289
72331
72373
72416
72458
72500
72542
72626
72669
72711
72753
72795
72837
72880
72922
72964
73006
73048
73090
73132
73174
73216
73259
73301
73343
73385
73427
73469
73511
73553
73596
73638
73680
73722
73764
73807
73849
73891
73933
73975
74017
74101
74144
74228
74270
74312
74354
74397
74480
74523
74565
74607
74650
74734
74818
74860
74902
74944
74986
75029
75113
75155
75197
75239
75281
75323
75365
75407
75450
75492
75534
75576
75618
75660
75703
75745
75787
75829
75871
75913
75955
75998
76040
76082
76124
76166
76208
76251
76293
76335
76377
76419
76461
76503
76545
76587
76630
76672
76714
76756
76798
76840
76882
76924
76967
77009
77051
77093
77177
77220
77262
77304
77346
77388
77430
77484
77527
77569
77611
77653
77695
77738
77780
77822
77906
77948
78032
78074
78116
78158
78201
78243
78285
78328
78370
78454
78496
78538
78580
78622
78664
78706
78790
78833
78875
78917
78959
79001
79043
79086
79128
79170
79212
79254
79296
79338
79380
79423
79465
79507
79549
79591
79675
79718
79760
79802
79844
79886
79928
79971
80013
80055
80097
80139
80181
80223
80266
80349
80392
80434
80476
80560
80602
80645
80729
80771
80814
80897
80940
80983
81066
81108
81150
81192
81234
81277
81319
81361
81403
81446
81530
81572
81614
81698
81782
81825
81867
81909
81951
81993
82036
82119
82162
82246
82288
82330
82373
82415
82458
82500
82542
82584
82626
82668
82722
82794
82837
82921
82963
83005
83047
83090
83132
83174
83216
83259
83343
83385
83469
83511
83553
83596
83638
83680
83722
83764
83807
83890
83932
83974
84017
84059
84101
84143
84185
84228
84312
84354
84438
84481
84523
84565
84607
84649
84733
84775
84818
84860
84902
84944
84986
85029
85071
85125
85167
85210
85252
85294
85378
85462
85505
85547
85589
85631
85714
85757
85799
85842
85884
85926
85968
86011
86053
86137
86221
86263
86305
86389
86431
86474
86516
86558
86600
86643
86685
86768
86811
86853
86895
86937
87021
87064
87106
87149
87232
87274
87317
87359
87401
87443
87486
87570
87653
87697
87780
87823
87907
87990
88033
88076
88118
88206
88257
88336
88413
88497
88580
88622
88665
88707
88749
88833
88876
88918
89002
89044
89086
89129
89213
89255
89297
89339
89382
89424
89466
89509
89592
89634
89677
89719
89761
89844
89886
89929
89971
90013
90097
90139
90182
90224
90266
90309
90351
90393
90436
90478
90561
90603
90646
90688
90730
90773
90816
90858
90942
90984
91026
91109
91152
91195
91237
91279
91361
91404
91446
91488
91531
91573
91618
91700
91743
91825
91869
91953
91995
92037
92080
92122
92164
92206
92249
92291
92335
92418
92460
92502
92545
92625
92710
92754
92796
92838
92881
92923
92965
93007
93052
93134
93177
93221
93303
93388
93440
93513
93555
93603
93680
93722
93767
93809
93852
93895
93976
94019
94068
94143
94197
94241
94314
94357
94402
94485
94565
94622
94691
94746
94829
94871
94955
94999
95080
95162
95240
95282
95338
95410
95501
95578
95628
95671
95789
95876
95918
96004
96133
96218
96261
96307
96373
96461
96563
96655
96720
96766
96809
96857
96976
97028
97099
97160
